1.838095410628019408e+02 7.025764895330112836e+01 7.317741545893720456e+01
1.840451690821255966e+02 7.036557971014492807e+01 7.331598228663446548e+01
1.841711352657004852e+02 7.045905797101448798e+01 7.344057971014493091e+01
1.840320853462157800e+02 7.042910628019323838e+01 7.320809178743961354e+01
1.839758856682769590e+02 7.053385668276972353e+01 7.248220611916264033e+01
1.838464975845410549e+02 7.041143317230273624e+01 7.207620772946859233e+01
1.842825281803542623e+02 7.037910628019324122e+01 7.144102254428341325e+01
1.846163848631239830e+02 7.039392109500805361e+01 7.144730273752013261e+01
1.846788244766505613e+02 7.052105475040256977e+01 7.134182769726247386e+01
1.845185185185185048e+02 7.042089371980677015e+01 7.096622383252818622e+01
1.846844202898550691e+02 7.056731078904991250e+01 7.108780193236715661e+01
1.847898953301127278e+02 7.052846215780998307e+01 7.096211755233494500e+01
1.849549516908212468e+02 7.078607085346216365e+01 7.130229468599033282e+01
1.849573268921095064e+02 7.059826892109501273e+01 7.121626409017713399e+01
1.850955314009661947e+02 7.063007246376811565e+01 7.131135265700483217e+01
1.851114734299517011e+02 7.058309178743961354e+01 7.122971014492753739e+01
1.852180756843800395e+02 7.078691626409018056e+01 7.143357487922705218e+01
1.849593397745571792e+02 7.065587761674717626e+01 7.137979066022543861e+01
1.850016103059581383e+02 7.076123188405797748e+01 7.151823671497584201e+01
1.846344605475040339e+02 7.059931561996779692e+01 7.136429146537842882e+01
1.846606280193236671e+02 7.071268115942028487e+01 7.138482286634460650e+01
1.845228663446054611e+02 7.050688405797102121e+01 7.137342995169082371e+01
1.847464170692431651e+02 7.089983896940418617e+01 7.151570048309179128e+01
1.847699275362318758e+02 7.087045088566827644e+01 7.142399355877616074e+01
1.844861111111111143e+02 7.105938003220612131e+01 7.134963768115942173e+01
1.843489130434782624e+02 7.096553945249597461e+01 7.138892914653784771e+01
1.847735104669887392e+02 7.119798711755233001e+01 7.165261674718196616e+01
1.851657809983896925e+02 7.062447665056360790e+01 7.155780998389694503e+01
1.853917471819645755e+02 7.055716586151368119e+01 7.154766505636071372e+01
1.853037037037036896e+02 7.035334138486312838e+01 7.132061191626408458e+01
1.853026570048309054e+02 7.041702898550724399e+01 7.135933977455717070e+01
1.850135265700482989e+02 7.008027375201288578e+01 7.124520933977456139e+01
1.850126811594202820e+02 7.013425925925925242e+01 7.131058776167472502e+01
1.848219001610305838e+02 7.024134460547503522e+01 7.136284219001611007e+01
1.849518921095008182e+02 7.044871175523348938e+01 7.151058776167471365e+01
1.848245571658615063e+02 7.048192431561996329e+01 7.138872785829308043e+01
1.850114331723027306e+02 7.062306763285023692e+01 7.140301932367150073e+01
1.851691626409017601e+02 7.046223832528180253e+01 7.132689210950080394e+01
1.859330112721416981e+02 7.059907407407406765e+01 7.158607085346216081e+01
1.861782206119162595e+02 7.049166666666666003e+01 7.164593397745571224e+01
1.862075281803542737e+02 7.063200483091787873e+01 7.172620772946859802e+01
1.861630837359098223e+02 7.049814814814814667e+01 7.208035426731079554e+01
1.864505636070853427e+02 7.062721417069242591e+01 7.196956521739130608e+01
1.862192028985507193e+02 7.066678743961352893e+01 7.168586956521738784e+01
1.860193236714975740e+02 7.095189210950080394e+01 7.205652173913043157e+01
1.858855475040257659e+02 7.091634460547504659e+01 7.192592592592592382e+01
1.857910225442834076e+02 7.096135265700483785e+01 7.201368760064411845e+01
1.853554750402576587e+02 7.089476650563607052e+01 7.182781803542673060e+01
1.853934380032206093e+02 7.083780193236715661e+01 7.164565217391304941e+01
1.853599436392914583e+02 7.068546698872785328e+01 7.150406602254427924e+01
1.853727858293075599e+02 7.084166666666666856e+01 7.154593397745571792e+01
1.853472222222222285e+02 7.077020933977455286e+01 7.153381642512077576e+01
1.853432367149758591e+02 7.087677133655394357e+01 7.142242351046698445e+01
1.856146537842190014e+02 7.067769726247986739e+01 7.132568438003220024e+01
1.859573268921095064e+02 7.076312399355877858e+01 7.131658615136875312e+01
1.856085748792270635e+02 7.048216586151369256e+01 7.133454106280193230e+01
1.861225845410627926e+02 7.069577294685990410e+01 7.139919484702093655e+01
1.861005636070853484e+02 7.057520128824477013e+01 7.150181159420290555e+01
1.870474637681159322e+02 7.097701288244766715e+01 7.202338969404186741e+01
1.867795088566827815e+02 7.077830112721417777e+01 7.177862318840580258e+01
1.865968196457326940e+02 7.089714170692431594e+01 7.203152173913044010e+01
1.867775362318840564e+02 7.091219806763284339e+01 7.200406602254427924e+01
1.871154589371980705e+02 7.094202898550724967e+01 7.218349436392914242e+01
1.865929146537842200e+02 7.068985507246377153e+01 7.219380032206119324e+01
1.865065217391304486e+02 7.085144927536231307e+01 7.211912238325281521e+01
1.861562801932367108e+02 7.068168276972625108e+01 7.189621578099838928e+01
1.860092190016103189e+02 7.076630434782609314e+01 7.184951690821256420e+01
1.856825684380032158e+02 7.055861513687599995e+01 7.171239935587762204e+01
1.858858293075684287e+02 7.063244766505636107e+01 7.165197262479871654e+01
1.860266505636070917e+02 7.027938808373590973e+01 7.172387278582931458e+01
1.860858293075684458e+02 7.028711755233494785e+01 7.181090982286634983e+01
1.854759661835748830e+02 6.980607890499194923e+01 7.134718196457326655e+01
1.856126409017713286e+02 6.993562801932367279e+01 7.136320450885668265e+01
1.853675523349436389e+02 6.990084541062802259e+01 7.119637681159420595e+01
1.856029388083735796e+02 7.028357487922704649e+01 7.159170692431561633e+01
1.858245974235104541e+02 7.046046698872785896e+01 7.164033816425120449e+01
1.858631239935587871e+02 7.084299516908212979e+01 7.171896135265700423e+01
1.857183172302737546e+02 7.073904991948469956e+01 7.149275362318840621e+01
1.858442834138486432e+02 7.081908212560387028e+01 7.143119967793880676e+01
1.856768115942028885e+02 7.048176328502415799e+01 7.149126409017713968e+01
1.857848631239935457e+02 7.058454106280193230e+01 7.124979871175523272e+01
1.858204508856682651e+02 7.055748792270532022e+01 7.126207729468599439e+01
1.860617552334943525e+02 7.057254428341384767e+01 7.141984702093397175e+01
1.858607890499194752e+02 7.014730273752013545e+01 7.127069243156199718e+01
1.858525362318840450e+02 7.025668276972625392e+01 7.154798711755233853e+01
1.857322866344605359e+02 7.020197262479871370e+01 7.169110305958132301e+01
1.858615539452495966e+02 7.027971014492753454e+01 7.183848631239935401e+01
1.858254025764895232e+02 6.999355877616747534e+01 7.186175523349436389e+01
1.862377214170692525e+02 7.039251207729468263e+01 7.190374396135266011e+01
1.861310789049919379e+02 7.023603059581320451e+01 7.166859903381642027e+01
1.860355072463768238e+02 7.030048309178744148e+01 7.165181159420289703e+01
1.856396537842190071e+02 7.012383252818035828e+01 7.124738325281803952e+01
1.858899758454106177e+02 7.030386473429952332e+01 7.157862318840579974e+01
1.856807568438003102e+02 6.994279388083735682e+01 7.136123188405797180e+01
1.855325281803542623e+02 6.996300322061190968e+01 7.135281803542673629e+01
1.856431964573268942e+02 6.979227053140097325e+01 7.121759259259259522e+01
1.857888486312399436e+02 6.992330917874396334e+01 7.121964573268921583e+01
1.857274557165861495e+02 6.974424315619967274e+01 7.110559581320450206e+01
1.856448067632850325e+02 6.976646537842189844e+01 7.134537037037037521e+01
1.855671095008051452e+02 6.973240740740740762e+01 7.133586956521739353e+01
1.854533816425120847e+02 6.968490338164251341e+01 7.144939613526570099e+01
1.850112721417069110e+02 6.936400966183575179e+01 7.135152979066022283e+01
1.852391706924315713e+02 6.962846215780997738e+01 7.138027375201288294e+01
1.849608695652173935e+02 6.968510466988728069e+01 7.113301127214170094e+01
1.846694847020933992e+02 6.968764090177133141e+01 7.098091787439614109e+01
1.843632850241545782e+02 6.968900966183575463e+01 7.082407407407407618e+01
1.841395732689210831e+02 6.986658615136876449e+01 7.050785024154589564e+01
1.836083735909822963e+02 6.938768115942029624e+01 7.025289855072463752e+01
1.837352254428341496e+02 6.958462157809984205e+01 7.032133655394524396e+01
1.839135265700483046e+02 6.951566022544282930e+01 7.059722222222222854e+01
1.836909017713365415e+02 6.947423510466988716e+01 7.060446859903382233e+01
1.835537037037036896e+02 6.926457326892109734e+01 7.042721417069243728e+01
1.838016103059581212e+02 6.956207729468599155e+01 7.067592592592592382e+01
1.838471819645732808e+02 6.950764895330112836e+01 7.059021739130434980e+01
1.836093800322061327e+02 6.938228663446054156e+01 7.054154589371979966e+01
1.834444444444444571e+02 6.918953301127214672e+01 7.038772141706924401e+01
1.834589774557165924e+02 6.933695652173912549e+01 7.026590177133655857e+01
1.833465378421900027e+02 6.921449275362319042e+01 7.016360708534621438e+01
1.833152173913043441e+02 6.930072463768115654e+01 7.014847020933977717e+01
1.834179146537842087e+02 6.939814814814815236e+01 7.017729468599033282e+01
1.834502818035426799e+02 6.941984702093397175e+01 7.008989533011272499e+01
1.833551127214170720e+02 6.939404186795491114e+01 6.993856682769725808e+01
1.834727858293075826e+02 6.951928341384862620e+01 7.002966988727858677e+01
1.835497584541062679e+02 6.930350241545893653e+01 6.999995974235105223e+01
1.837415056360708547e+02 6.937870370370370665e+01 7.017383252818035544e+01
1.837454106280193287e+02 6.922053140096618051e+01 7.024879227053139630e+01
1.836699677938808293e+02 6.922834138486312838e+01 7.025120772946860370e+01
1.834782608695652186e+02 6.920789049919484626e+01 7.009400161030595200e+01
1.835124798711755147e+02 6.940966183574879267e+01 7.005966183574879835e+01
1.832812801932367108e+02 6.929323671497584769e+01 6.978872785829307190e+01
1.833453703703703752e+02 6.935640096618357120e+01 7.001884057971014386e+01
1.836191626409017772e+02 6.949581320450886324e+01 6.985917874396135119e+01
1.840431561996779521e+02 6.951847826086957127e+01 7.003699677938809032e+01
1.841469001610306009e+02 6.948917069243155709e+01 7.000318035426731456e+01
1.842650161030595939e+02 6.939537037037037237e+01 7.001304347826086882e+01
1.842341384863123892e+02 6.918780193236715093e+01 7.001662640901771795e+01
1.842738727858292975e+02 6.934311594202898732e+01 6.998707729468598870e+01
1.839928341384863018e+02 6.917729468599033282e+01 6.971465378421899572e+01
1.833809581320450945e+02 6.933462157809984205e+01 6.933836553945249648e+01
1.836250402576489478e+02 6.933739935587762204e+01 6.935805152979065724e+01
1.839813204508856757e+02 6.965925925925925810e+01 6.960925925925926094e+01
1.837681964573268942e+02 6.956859903381642596e+01 6.941429146537842598e+01
1.836932769726248011e+02 6.963607085346215797e+01 6.917157809983896755e+01
1.837975442834138562e+02 6.992049114331723558e+01 6.954275362318840337e+01
1.837130837359098336e+02 7.004416264090177435e+01 6.971871980676328917e+01
1.835931159420289873e+02 6.996151368760064315e+01 6.971183574879226796e+01
1.838904186795491285e+02 7.014488727858292805e+01 6.993945249597423697e+01
1.837962157809983808e+02 7.012471819645732296e+01 6.997749597423511148e+01
1.837819243156199605e+02 7.003329307568438367e+01 7.029730273752012693e+01
1.838389291465378506e+02 7.009706119162640903e+01 7.023900966183575179e+01
1.839192028985507363e+02 7.009267310789050498e+01 7.056751207729467978e+01
1.841026972624798645e+02 7.002846215780998307e+01 7.046916264090177151e+01
1.844068438003220649e+02 7.015068438003220308e+01 7.066940418679548941e+01
1.843927133655394641e+02 7.009553140096618051e+01 7.073031400966183924e+01
1.843547504025764852e+02 7.017733494363929481e+01 7.048369565217390686e+01
1.847022946859903243e+02 7.030257648953300986e+01 7.052347020933977717e+01
1.850892512077294612e+02 7.045982286634460934e+01 7.077644927536232444e+01
1.850282206119162538e+02 7.037290660225443162e+01 7.071638486312399152e+01
1.853786231884058111e+02 7.034488727858293089e+01 7.089049919484702400e+01
1.855902576489532976e+02 7.027463768115941889e+01 7.086553945249598030e+01
1.862078099838969365e+02 7.043260869565217774e+01 7.115004025764895346e+01
1.863861513687600677e+02 7.033752012882447957e+01 7.137443639291466013e+01
1.867269323671497716e+02 7.048256843800322713e+01 7.146578099838968967e+01
1.864394927536231990e+02 7.085165056360708036e+01 7.137866344605474467e+01
1.859550724637681185e+02 7.083655394524959092e+01 7.123341384863124404e+01
1.854408615136875937e+02 7.077274557165861779e+01 7.107367149758454161e+01
1.853820853462157743e+02 7.071598228663445695e+01 7.099802737520128915e+01
1.856175925925925867e+02 7.067149758454105779e+01 7.100418679549113676e+01
1.856520531400966263e+02 7.072846215780998591e+01 7.117230273752012693e+01
1.856603462157810043e+02 7.096972624798711138e+01 7.164307568438003671e+01
1.857886070853462286e+02 7.114102254428341610e+01 7.176799516908212695e+01
1.858125603864734217e+02 7.124633655394525533e+01 7.175418679549113676e+01
1.857730273752012806e+02 7.126473429951690264e+01 7.186912238325281521e+01
1.856202093397745614e+02 7.109710144927535680e+01 7.180060386473429901e+01
1.854875201288244853e+02 7.097979066022544714e+01 7.150929951690821440e+01
1.854314814814814838e+02 7.097709339774557691e+01 7.152544283413848802e+01
1.855204106280193344e+02 7.101272141706924401e+01 7.157073268921095632e+01
1.854601851851851961e+02 7.104746376811594644e+01 7.159472624798711138e+01
1.850862318840579803e+02 7.071622383252818622e+01 7.160314009661836110e+01
1.847104669887278590e+02 7.049460547504025953e+01 7.099681964573268544e+01
1.847972624798711649e+02 7.026344605475040339e+01 7.089967793880836666e+01
1.849982286634460422e+02 7.043570853462158254e+01 7.090954106280193514e+01
1.847016908212560509e+02 7.031646537842189559e+01 7.090921900161031033e+01
1.846339371980676276e+02 7.031553945249596893e+01 7.058615136876007057e+01
1.846435185185185048e+02 7.006650563607085758e+01 7.049327697262479830e+01
1.846707326892109506e+02 6.990237520128825111e+01 7.032375201288245137e+01
1.845208534621578167e+02 6.979758454106280396e+01 7.034895330112721012e+01
1.845452495974235205e+02 6.982020933977456423e+01 7.027177938808372915e+01
1.843150966183575008e+02 6.991171497584541328e+01 7.031356682769725808e+01
1.839077697262479774e+02 7.005599838969403947e+01 7.034223027375200843e+01
1.836962962962963104e+02 7.002805958132044850e+01 7.038510466988728353e+01
1.838462962962962877e+02 7.015672302737520738e+01 7.048623188405797180e+01
1.838930756843800225e+02 7.020116747181964456e+01 7.068595008051529760e+01
1.839435990338164117e+02 7.027938808373590973e+01 7.052560386473429332e+01
1.838425523349436332e+02 7.010217391304347245e+01 7.032677133655394641e+01
1.837652576489533089e+02 7.018039452495973762e+01 7.031586151368759374e+01
1.838367149758454104e+02 7.010269726247986455e+01 7.032471819645732580e+01
1.837925925925925981e+02 7.009605475040257261e+01 7.004227053140097325e+01
1.836695652173912947e+02 6.984158615136875881e+01 7.004456521739130892e+01
1.839182367149758477e+02 6.997041062801932298e+01 7.037310789049919890e+01
1.841680354267310804e+02 6.994484702093397743e+01 7.036884057971013817e+01
1.844280998389694162e+02 6.989528985507246261e+01 7.044227053140096473e+01
1.843301932367149618e+02 6.972814009661836110e+01 7.042399355877616074e+01
1.841642109500805020e+02 6.984842995169081803e+01 7.020060386473430469e+01
1.844180756843800282e+02 6.991441223832528351e+01 7.028466183574879267e+01
1.846876409017713456e+02 7.014166666666666572e+01 7.049694041867954297e+01
1.846579710144927446e+02 7.010958132045088576e+01 7.049855072463768124e+01
1.847486312399355768e+02 7.010104669887279272e+01 7.056735104669887448e+01
1.847547906602254386e+02 7.015825281803542168e+01 7.071747181964573770e+01
1.849328904991948548e+02 7.011839774557165583e+01 7.085555555555555429e+01
1.848934380032206093e+02 7.007306763285023976e+01 7.067363123993558816e+01
1.851443236714975740e+02 7.012242351046698730e+01 7.123913043478260931e+01
1.851594605475040396e+02 7.007326892109500704e+01 7.103812399355877005e+01
1.854696054750402539e+02 7.023723832528180822e+01 7.099919484702093087e+01
1.856144122383252864e+02 7.028337359098229342e+01 7.092455716586151482e+01
1.856238727858293203e+02 7.027097423510467422e+01 7.100837359098228774e+01
1.857607487922705332e+02 7.031268115942029340e+01 7.093325281803542737e+01
1.859371578099838871e+02 7.036815619967794078e+01 7.092765700483091962e+01
1.856041465378421833e+02 7.027137681159420879e+01 7.093578904991947809e+01
1.852547504025764908e+02 7.045036231884057543e+01 7.095390499194847678e+01
1.851305555555555600e+02 7.026791465378421719e+01 7.106312399355877574e+01
1.851035024154589337e+02 7.037769726247987023e+01 7.127105475040256977e+01
1.847806763285024090e+02 7.001268115942029624e+01 7.101477455716586462e+01
1.848993156199677799e+02 7.016666666666667140e+01 7.115696457326892244e+01
1.847962560386473569e+02 7.028051529790660368e+01 7.100652173913043441e+01
1.850410628019323553e+02 7.053884863123992943e+01 7.114214975845411004e+01
1.849234702093397686e+02 7.036574074074074758e+01 7.121223832528180253e+01
1.851174718196457434e+02 7.055471014492754023e+01 7.111163446054750636e+01
1.852345008051529760e+02 7.040326086956521578e+01 7.101719001610305781e+01
1.854650563607085303e+02 7.027053140096617767e+01 7.118365539452496193e+01
1.856449275362318758e+02 7.008756038647342734e+01 7.131626409017712831e+01
1.858114331723027419e+02 7.020124798711755432e+01 7.119754428341384767e+01
1.858113929146537942e+02 7.003369565217391823e+01 7.102085346215781669e+01
1.857423107890499239e+02 7.025547504025765022e+01 7.111533816425121302e+01
1.856562399355877631e+02 7.015877616747181378e+01 7.101348631239935116e+01
1.857301529790660197e+02 7.036437198067632437e+01 7.120736714975845416e+01
1.856325281803542566e+02 7.021332528180354871e+01 7.086272141706923833e+01
1.856620370370370381e+02 7.041698872785829622e+01 7.110575684380032158e+01
1.854793478260869506e+02 7.028687600644121858e+01 7.095680354267311429e+01
1.852680756843800225e+02 7.047306763285024545e+01 7.076368760064411845e+01
1.853417874396135403e+02 7.054106280193236955e+01 7.072387278582931458e+01
1.855342190016102961e+02 7.078635265700482648e+01 7.101763285024154015e+01
1.855421095008051395e+02 7.066892109500804509e+01 7.088305152979066293e+01
1.858543478260869506e+02 7.090386473429951764e+01 7.111831723027374608e+01
1.858453703703703752e+02 7.080144927536231592e+01 7.108095813204508318e+01
1.858685185185185276e+02 7.088260869565218059e+01 7.113087761674718479e+01
1.858313204508856700e+02 7.074227053140096189e+01 7.105523349436393232e+01
1.861096215780998477e+02 7.097616747181965025e+01 7.125181159420290555e+01
1.860654589371980592e+02 7.077906602254428492e+01 7.122749597423511148e+01
1.859327294685990353e+02 7.080724637681159095e+01 7.115326086956521578e+01
1.860905394524959604e+02 7.093361513687599995e+01 7.124871175523350075e+01
1.862451288244766374e+02 7.117987117552334553e+01 7.156268115942029340e+01
1.859892109500805191e+02 7.098325281803542453e+01 7.126300322061192105e+01
1.860933977455716501e+02 7.095583735909822565e+01 7.137089371980675878e+01
1.862294685990338223e+02 7.080108695652174333e+01 7.123562801932366995e+01
1.862582125603864824e+02 7.089154589371980819e+01 7.125249597423510295e+01
1.862227455716586064e+02 7.073454106280193798e+01 7.134528985507246546e+01
1.867093397745571792e+02 7.099070048309178560e+01 7.147375201288244284e+01
1.867143719806763329e+02 7.113256843800321860e+01 7.149782608695652186e+01
1.867759661835748659e+02 7.134750402576489137e+01 7.176614331723027362e+01
1.867971819645732694e+02 7.127371175523349223e+01 7.175225442834138789e+01
1.869159420289855120e+02 7.141300322061191252e+01 7.174706119162641471e+01
1.868142512077294555e+02 7.117310789049919606e+01 7.168570853462158254e+01
1.867103059581320394e+02 7.166702898550724399e+01 7.204090177133655004e+01
1.864135668276972524e+02 7.165318035426730603e+01 7.184959742351047396e+01
1.863605877616747080e+02 7.175173107890499580e+01 7.202652979066021999e+01
1.861432367149758420e+02 7.173768115942029056e+01 7.206690821256039214e+01
1.862167471819645641e+02 7.201686795491143300e+01 7.216368760064412413e+01
1.859889694041868040e+02 7.193880837359098734e+01 7.206171497584540475e+01
1.860089774557165754e+02 7.193490338164251341e+01 7.215768921095008182e+01
1.859433574879226967e+02 7.175563607085345552e+01 7.194066022544284067e+01
1.861767310789049930e+02 7.215100644122382789e+01 7.235752818035426515e+01
1.862264492753623131e+02 7.222294685990338792e+01 7.232081320450885187e+01
1.864468599033816361e+02 7.252866344605475035e+01 7.243788244766506068e+01
1.865078099838969479e+02 7.252169887278583360e+01 7.255797101449275033e+01
1.869045088566827815e+02 7.261936392914654448e+01 7.264810789049919038e+01
1.871075684380032271e+02 7.246272141706924685e+01 7.256799516908212411e+01
1.872170692431562031e+02 7.257524154589371790e+01 7.256288244766506068e+01
1.870049919484702059e+02 7.264162640901771795e+01 7.262673107890499580e+01
1.871014895330112608e+02 7.321751207729468547e+01 7.294863123993559384e+01
1.872226650563607109e+02 7.357230273752013261e+01 7.304315619967793793e+01
1.870666264090177151e+02 7.367596618357488580e+01 7.311252012882447104e+01
1.865202898550724626e+02 7.290016103059581098e+01 7.265342190016103530e+01
1.863657407407407334e+02 7.232326892109500704e+01 7.243470209339774613e+01
1.859951690821256136e+02 7.191896135265700707e+01 7.204633655394525249e+01
1.861597020933977547e+02 7.192761674718195763e+01 7.205821256038647959e+01
1.858630032206119154e+02 7.167395330112721297e+01 7.191787439613526089e+01
1.850420289855072440e+02 7.107669082125603666e+01 7.135438808373591257e+01
1.864333735909822849e+02 7.155072463768115654e+01 7.226207729468599439e+01
1.863157809983896982e+02 7.127242351046699298e+01 7.201119162640901550e+01
1.843567632850241580e+02 7.031771336553944707e+01 7.090402576489533715e+01
1.854924315619967672e+02 7.094557165861513681e+01 7.163268921095007613e+01
1.868876006441223865e+02 7.148039452495974899e+01 7.236396940418678980e+01
1.855851449275362199e+02 7.064380032206119608e+01 7.138764090177133426e+01
1.845085748792270408e+02 7.006779388083735682e+01 7.065929951690820587e+01
1.853359500805152891e+02 7.071634460547504375e+01 7.099271336553945844e+01
1.846911433172302850e+02 7.011123188405797180e+01 7.077769726247987592e+01
1.841204106280193287e+02 6.980394524959741887e+01 7.028454106280193514e+01
1.841830112721416981e+02 7.000736714975845132e+01 7.077898550724637516e+01
1.844024959742351086e+02 7.037628824476649925e+01 7.137886473429951195e+01
1.837509259259259125e+02 7.000958132045089144e+01 7.099307568438003102e+01
1.833545893719806656e+02 6.993095813204509170e+01 7.090845410628018897e+01
1.832941626409017601e+02 6.983655394524959092e+01 7.091292270531400277e+01
1.838756038647343019e+02 7.018248792270532022e+01 7.095048309178743295e+01
1.842190016103059520e+02 6.965623993558776306e+01 7.077181964573269113e+01
1.843271336553945332e+02 6.981376811594202536e+01 7.069359903381642596e+01
1.843531400966183469e+02 6.982226247987117063e+01 7.068884863123993512e+01
1.841285829307568349e+02 6.967608695652174333e+01 7.054863123993558816e+01
1.834582930756843666e+02 6.947987117552334269e+01 7.002797906602253875e+01
1.832854669887278476e+02 6.980962157809983637e+01 7.006779388083735682e+01
1.833904991948470240e+02 7.007536231884057543e+01 7.012355072463768124e+01
1.833491143317230296e+02 7.015672302737520738e+01 7.027443639291465161e+01
1.828968196457326769e+02 6.984766505636071088e+01 6.991316425120773204e+01
1.826963768115942059e+02 6.991348631239935685e+01 7.000008051529790976e+01
1.826883655394524908e+02 6.986767310789049645e+01 7.004122383252817485e+01
1.826824074074073962e+02 6.995289855072464036e+01 7.026300322061192105e+01
1.824738325281803668e+02 6.982512077294686037e+01 7.033607085346216081e+01
1.824604669887278590e+02 6.990648148148147811e+01 7.026719001610305781e+01
1.823326892109500932e+02 6.970475040257649368e+01 7.008929146537842314e+01
1.823335346215781101e+02 6.975442834138486603e+01 6.991147342995168401e+01
1.824895330112721297e+02 6.964066022544282930e+01 6.980483091787439776e+01
1.826128421900160959e+02 6.966876006441223979e+01 6.994637681159420595e+01
1.824450080515297827e+02 6.949396135265700991e+01 6.991630434782608461e+01
1.823966183574879096e+02 6.958397745571659243e+01 6.945040257648953741e+01
1.823389694041867983e+02 6.931380837359098734e+01 6.914983896940418617e+01
1.822831723027375119e+02 6.930632045088566429e+01 6.904327697262479546e+01
1.819969806763284907e+02 6.913752012882447673e+01 6.901187600644122710e+01
1.817299114331723047e+02 6.910873590982286885e+01 6.882443639291464876e+01
1.811151771336554077e+02 6.900732689210950355e+01 6.871481481481481524e+01
1.808503220611916333e+02 6.912846215780997738e+01 6.849440418679549225e+01
1.804390901771336644e+02 6.891179549114332303e+01 6.858784219001610438e+01
1.803894524959742398e+02 6.894903381642511420e+01 6.872632850241545555e+01
1.804998792270531283e+02 6.901119162640901550e+01 6.855700483091787589e+01
1.806692834138486319e+02 6.911231884057970376e+01 6.872995169082125244e+01
1.810466988727858393e+02 6.915712560386472774e+01 6.878405797101449082e+01
1.814708132045088576e+02 6.931384863123993512e+01 6.903888888888889142e+01
1.814226247987117517e+02 6.918184380032205638e+01 6.889126409017713115e+01
1.813508454106280112e+02 6.916900161030595484e+01 6.877447665056361359e+01
1.814839774557165981e+02 6.930032206119162197e+01 6.869702093397745557e+01
1.817750805152979012e+02 6.940652173913044010e+01 6.893413848631240626e+01
1.814976650563607166e+02 6.928864734299516215e+01 6.873035426731078701e+01
1.814326086956521635e+02 6.921529790660225956e+01 6.872326892109501273e+01
1.813201690821256022e+02 6.915434782608696196e+01 6.870402576489533431e+01
1.812288647342995205e+02 6.915736714975845700e+01 6.852874396135266011e+01
1.813014090177133539e+02 6.909472624798711138e+01 6.846457326892110018e+01
1.815015297906602143e+02 6.923474235104670527e+01 6.853212560386472774e+01
1.815304347826086939e+02 6.917733494363929481e+01 6.856243961352656413e+01
1.817473429951690775e+02 6.916445249597423128e+01 6.878929146537842598e+01
1.822104267310789112e+02 6.919826892109500704e+01 6.887898550724638369e+01
1.824149758454106234e+02 6.922081320450885755e+01 6.899335748792270806e+01
1.824126006441223922e+02 6.905853462157810441e+01 6.900318035426731456e+01
1.825641706924315599e+02 6.895974235104669958e+01 6.902069243156199718e+01
1.827137278582930833e+02 6.907918679549113961e+01 6.901473429951690264e+01
1.825895732689211002e+02 6.938747987117552896e+01 6.883361513687600564e+01
1.826762479871175628e+02 6.939460547504025101e+01 6.888470209339774897e+01
1.825371578099839098e+02 6.955611916264089700e+01 6.878957326892108881e+01
1.823907004830917913e+02 6.954086151368760227e+01 6.862037037037036669e+01
1.822780595813204627e+02 6.948707729468598870e+01 6.871316425120772919e+01
1.821793478260869676e+02 6.935873590982286885e+01 6.875036231884058679e+01
1.820851851851851961e+02 6.927749597423510863e+01 6.906038647342995773e+01
1.824636473429951593e+02 6.926851851851851904e+01 6.939363929146537657e+01
1.822871980676328576e+02 6.921501610305958252e+01 6.941831723027375745e+01
1.820737117552334894e+02 6.916880032206118756e+01 6.940978260869565020e+01
1.820735909822866461e+02 6.913812399355877858e+01 6.914625603864733705e+01
1.824902979066022510e+02 6.942145732689211002e+01 6.915628019323671083e+01
1.823808776167471706e+02 6.938615136876006773e+01 6.884935587761674469e+01
1.823388083735909788e+02 6.925301932367149504e+01 6.890599838969404800e+01
1.823366747181964627e+02 6.929021739130435265e+01 6.887975040257649084e+01
1.823249597423510409e+02 6.953695652173912833e+01 6.911537842190016079e+01
1.819447665056360677e+02 6.967073268921095064e+01 6.931461352657004227e+01
1.818950080515297998e+02 6.981992753623188719e+01 6.932999194847020874e+01
1.818731078904991989e+02 6.980120772946860086e+01 6.949581320450886324e+01
1.819365539452495852e+02 6.986223832528180822e+01 6.959082125603865165e+01
1.821281803542673003e+02 6.978007246376812134e+01 6.958321256038647107e+01
1.823386473429951593e+02 6.974424315619967274e+01 6.945644122383252750e+01
1.825907809983897039e+02 6.978268921095008182e+01 6.934597423510466285e+01
1.828472624798711763e+02 6.978651368760064599e+01 6.937109500805152607e+01
1.826180756843800452e+02 6.959617552334943014e+01 6.948727858293075599e+01
1.825265700483091678e+02 6.967540257648953173e+01 6.901799516908212695e+01
1.824046698872785726e+02 6.972741545893720172e+01 6.895052334943639494e+01
1.824451288244766545e+02 6.982584541062801975e+01 6.923285024154588996e+01
1.827283011272141664e+02 6.991304347826087451e+01 6.908615136876007057e+01
1.828745974235104654e+02 7.001131239935587303e+01 6.919911433172302395e+01
1.824194444444444514e+02 6.994078099838969820e+01 6.913957326892109734e+01
1.822231481481481410e+02 6.995990338164251909e+01 6.880664251207728910e+01
1.822533011272141721e+02 7.003534621578100428e+01 6.917954911433172072e+01
1.824869967793880789e+02 7.021050724637680673e+01 6.916888083735909731e+01
1.821566827697262454e+02 7.000511272141706343e+01 6.912028985507245693e+01
1.822270933977455627e+02 7.025950080515298168e+01 6.919219001610305497e+01
1.823524154589372017e+02 7.026247987117552896e+01 6.934090177133654720e+01
1.820952898550724512e+02 7.041767310789049361e+01 6.924730273752012977e+01
1.819050322061191594e+02 7.038772141706924401e+01 6.918429951690821156e+01
1.822561594202898618e+02 7.066018518518518476e+01 6.941533816425121017e+01
1.825758051529790578e+02 7.045623993558776021e+01 6.959090177133654720e+01
1.826948872785829394e+02 7.033494363929146687e+01 6.952254428341385051e+01
1.825297504025764965e+02 7.017475845410628210e+01 6.957552334943639494e+01
1.828325281803542737e+02 7.031920289855072781e+01 6.986042673107890266e+01
1.828656602254428378e+02 7.030599838969403947e+01 6.975760869565218059e+01
1.828582930756843723e+02 7.033679549114332019e+01 6.983973429951690548e+01
1.825648148148148096e+02 7.016010466988727501e+01 6.965789049919484910e+01
1.826114331723027249e+02 7.035756843800322713e+01 6.951867954911433856e+01
1.824193639291465274e+02 7.022230273752012408e+01 6.958852657004831599e+01
1.824074074074074190e+02 7.011719001610306634e+01 6.939806763285024260e+01
1.821119565217391312e+02 6.999995974235105223e+01 6.918365539452496193e+01
1.822128421900160902e+02 7.018381642512076724e+01 6.927278582930756556e+01
1.821821256038647334e+02 7.020962157809984205e+01 6.938900966183574326e+01
1.823456119162640903e+02 7.032387278582930890e+01 6.960350241545893368e+01
1.820688405797101552e+02 7.016928341384863188e+01 6.946541867954911709e+01
1.823256441223832667e+02 7.033663446054750068e+01 6.949593397745572076e+01
1.827245571658615120e+02 7.032375201288245137e+01 6.933248792270531169e+01
1.831350241545893596e+02 7.057258454106279544e+01 6.948425925925926094e+01
1.828509259259259352e+02 7.046710950080515090e+01 6.934967793880836950e+01
1.827446859903381551e+02 7.046948470209339632e+01 6.950499194847020590e+01
1.827473832528180253e+02 7.034307568438002534e+01 6.920479066022544146e+01
1.825356280193236671e+02 7.035990338164251057e+01 6.875438808373590405e+01
1.821768921095008125e+02 7.022020933977455570e+01 6.861839774557165583e+01
1.828097020933977319e+02 7.039967793880836666e+01 6.915696457326892244e+01
1.829909420289855007e+02 7.028570853462157686e+01 6.920229468599033851e+01
1.832904186795491057e+02 7.022049114331723274e+01 6.912278582930757409e+01
1.830287439613526601e+02 6.988087761674718479e+01 6.895885668276972069e+01
1.824282206119162595e+02 6.967773752012882937e+01 6.871421095008051338e+01
1.825455314009661834e+02 6.964557165861513965e+01 6.864625603864733705e+01
1.832954911433172356e+02 7.001944444444444571e+01 6.923764090177134278e+01
1.825604669887278533e+02 6.969625603864734842e+01 6.897077294685990978e+01
1.823172705314009647e+02 6.974404186795490546e+01 6.908848631239935401e+01
1.827292270531401073e+02 6.994118357487923276e+01 6.955394524959741887e+01
1.832651771336553850e+02 7.028586956521739637e+01 6.968949275362318474e+01
1.830565217391304316e+02 6.998490338164251057e+01 6.967830112721416924e+01
1.831696859903381664e+02 7.011404991948469956e+01 6.968860708534622006e+01
1.829945652173913118e+02 6.996912238325282374e+01 6.925177133655394357e+01
1.830179951690821269e+02 7.013035426731079269e+01 6.960326086956521863e+01
1.828335346215781101e+02 6.985772946859903243e+01 6.920732689210950639e+01
1.827902173913043384e+02 6.976288244766504931e+01 6.922173913043478422e+01
1.820623993558776306e+02 6.935563607085346405e+01 6.905543478260869961e+01
1.814141304347826065e+02 6.926839774557166152e+01 6.897789855072463183e+01
1.810912640901771340e+02 6.904017713365539066e+01 6.878011272141706911e+01
1.816589774557165811e+02 6.933192431561997182e+01 6.924891304347825383e+01
1.823408615136875994e+02 6.944629629629629619e+01 6.963305152979066293e+01
1.826202898550724569e+02 6.964343800322060929e+01 6.954295491143317065e+01
1.819148550724637801e+02 6.934637681159419742e+01 6.885471014492753739e+01
1.820833735909822906e+02 6.952041062801932014e+01 6.874694041867954297e+01
1.822118357487922822e+02 6.953236714975845700e+01 6.886187600644122142e+01
1.823855072463768181e+02 6.967177938808373483e+01 6.904174718196456695e+01
1.819165458937198139e+02 6.962753623188406493e+01 6.880193236714976024e+01
1.815794283413848689e+02 6.960913848631240342e+01 6.843357487922705218e+01
1.811049114331723047e+02 6.940152979066021999e+01 6.820430756843799713e+01
1.810361111111110972e+02 6.951956521739130324e+01 6.833474235104669958e+01
1.804204508856682878e+02 6.918546698872785328e+01 6.810293880837359382e+01
1.804156199677938730e+02 6.944174718196457263e+01 6.813514492753623131e+01
1.803254830917874472e+02 6.959371980676328917e+01 6.850938003220612416e+01
1.802178743961352723e+02 6.974557165861513397e+01 6.860752818035426515e+01
1.798209339774557236e+02 6.965483091787439207e+01 6.839508856682769533e+01
1.796161835748792157e+02 6.961529790660225103e+01 6.830789049919484057e+01
1.806932769726248011e+02 6.915599838969404800e+01 6.812930756843800850e+01
1.811797906602254500e+02 6.904605475040257545e+01 6.793546698872785328e+01
1.810342592592592723e+02 6.876972624798712275e+01 6.761163446054750636e+01
1.817537037037037067e+02 6.889851046698872494e+01 6.793450080515297884e+01
1.818307165861513681e+02 6.870623993558776021e+01 6.788011272141706343e+01
1.807968196457326826e+02 6.911807568438003102e+01 6.724979871175523272e+01
1.801212157809983978e+02 6.894710144927536533e+01 6.692427536231883778e+01
1.804188003220612018e+02 6.926578099838970104e+01 6.684404186795491398e+01
1.804435587761674640e+02 6.932648953301126937e+01 6.683876811594203105e+01
1.801346215780998250e+02 6.927290660225442309e+01 6.697137681159419742e+01
1.800798711755233512e+02 6.898313204508856700e+01 6.699110305958132017e+01
1.805045893719806713e+02 6.913703703703703241e+01 6.723747987117552327e+01
1.809973832528180253e+02 6.891980676328502398e+01 6.730398550724638085e+01
1.815579710144927503e+02 6.910768921095008466e+01 6.782097423510467138e+01
1.815122383252817997e+02 6.909347826086955990e+01 6.761767310789049645e+01
1.815514895330112779e+02 6.909899355877617211e+01 6.783848631239935401e+01
1.814190821256038646e+02 6.895181159420289418e+01 6.762640901771337099e+01
1.814936392914653709e+02 6.895619967793881244e+01 6.788458132045089144e+01
1.813950483091787476e+02 6.872479871175522703e+01 6.785772946859903243e+01
1.817535829307568349e+02 6.890016103059581098e+01 6.795221417069242875e+01
1.817549114331723104e+02 6.888864734299517067e+01 6.795157004830917913e+01
1.814864734299517011e+02 6.899983896940418049e+01 6.804589371980677015e+01
1.812052334943639380e+02 6.891706924315620597e+01 6.799166666666666003e+01
1.820659420289855177e+02 6.936404991948469956e+01 6.837069243156199150e+01
1.807104669887278590e+02 6.867351046698873063e+01 6.782826086956521294e+01
1.801616747181964513e+02 6.879061996779388721e+01 6.756155394524959945e+01
1.806803140096618279e+02 6.887185990338164743e+01 6.759210950080515090e+01
1.809493961352656868e+02 6.906473429951691401e+01 6.767753623188406209e+01
1.799923107890499239e+02 6.871638486312399152e+01 6.739569243156199718e+01
1.802584541062801975e+02 6.891493558776167561e+01 6.764367954911433856e+01
1.804283413848631312e+02 6.882906602254428208e+01 6.748868760064412697e+01
1.806241948470209309e+02 6.880422705314009590e+01 6.740350241545893084e+01
1.805540660225442764e+02 6.872809983896939912e+01 6.726364734299517067e+01
1.805929549114331678e+02 6.868144122383252181e+01 6.749251207729469115e+01
1.802250402576489421e+02 6.862246376811593507e+01 6.723921095008051907e+01
1.797343397745571565e+02 6.847487922705313679e+01 6.704931561996779976e+01
1.791411835748792214e+02 6.834082125603865165e+01 6.686477455716585894e+01
1.793156199677938787e+02 6.862898550724638369e+01 6.697999194847021442e+01
1.796198470209339746e+02 6.873216586151369256e+01 6.698498389694042032e+01
1.800737117552334894e+02 6.896179549114332019e+01 6.732669082125603666e+01
1.805053945249597405e+02 6.905322061191625949e+01 6.772129629629630188e+01
1.811921900161030692e+02 6.926968599033816076e+01 6.823860708534621722e+01
1.811508856682769704e+02 6.920193236714975171e+01 6.810092592592592098e+01
1.810208132045088689e+02 6.918909017713365017e+01 6.814480676328501829e+01
1.810041867954911368e+02 6.904355877616747250e+01 6.821884057971014670e+01
1.814072061191626517e+02 6.904420289855072213e+01 6.834500805152978842e+01
1.816446457326892130e+02 6.903804347826087451e+01 6.819001610305957684e+01
1.820247584541062906e+02 6.900398550724638369e+01 6.840076489533011284e+01
1.823184782608695684e+02 6.892999194847020306e+01 6.824283413848631596e+01
1.823997987117552384e+02 6.881876006441223126e+01 6.818864734299516783e+01
1.816622383252818054e+02 6.898534621578099291e+01 6.775555555555555998e+01
1.814339774557165867e+02 6.900076489533010715e+01 6.776284219001610154e+01
1.809808776167471933e+02 6.882242351046699014e+01 6.753119967793881528e+01
1.806496779388083667e+02 6.896195652173912549e+01 6.752737520128825111e+01
1.805652979066022681e+02 6.889806763285024260e+01 6.726843800322060929e+01
1.804712962962962877e+02 6.904818840579710582e+01 6.782934782608695912e+01
1.803028180354267249e+02 6.922697262479870517e+01 6.783868760064412129e+01
1.803915056360708604e+02 6.929573268921095064e+01 6.811598228663446264e+01
1.804537439613526431e+02 6.946537842190015510e+01 6.810672302737519601e+01
1.803588164251207786e+02 6.949416264090177719e+01 6.823349436392913958e+01
1.804301932367149846e+02 6.939371980676328633e+01 6.794573268921095632e+01
1.808559178743961411e+02 6.947894524959743023e+01 6.772399355877617211e+01
1.813128019323671367e+02 6.956827697262480115e+01 6.801449275362318758e+01
1.815427133655394414e+02 6.960012077294686605e+01 6.799863123993559100e+01
1.817596618357488012e+02 6.958305152979066577e+01 6.788003220611916788e+01
1.814542673107890494e+02 6.946022544283414391e+01 6.785104669887279272e+01
1.813404186795491171e+02 6.952024959742351484e+01 6.772423510466988716e+01
1.813161433172302850e+02 6.964057971014493376e+01 6.762065217391304373e+01
1.813470209339774613e+02 6.979923510466989001e+01 6.776735104669887733e+01
1.813902173913043612e+02 6.977580515297906061e+01 6.775704508856682651e+01
1.818996779388083667e+02 6.978506441223832724e+01 6.826876006441223410e+01
1.818293075684379971e+02 6.959400161030595200e+01 6.797173913043478422e+01
1.816289855072463695e+02 6.934561191626409027e+01 6.789899355877616927e+01
1.810228260869565133e+02 6.913578904991948093e+01 6.797375201288244284e+01
1.811017713365539521e+02 6.915032206119163050e+01 6.810426731078905505e+01
1.813541062801932355e+02 6.901384863123993796e+01 6.808168276972624255e+01
1.812934380032206150e+02 6.895664251207729478e+01 6.797781803542673629e+01
1.806113929146537771e+02 6.896384863123994080e+01 6.788216586151368404e+01
1.805409822866344598e+02 6.898687600644122142e+01 6.795954106280193230e+01
1.802080917874395993e+02 6.889609500805153175e+01 6.789931561996779408e+01
1.799926328502415345e+02 6.886590177133655288e+01 6.773063607085346405e+01
1.799950483091787419e+02 6.867842190016102677e+01 6.755994363929146118e+01
1.799396135265700423e+02 6.862198067632850496e+01 6.753087761674717626e+01
1.797030193236714979e+02 6.854927536231883778e+01 6.747153784219001693e+01
1.797115539452495909e+02 6.857089371980676162e+01 6.751843800322060929e+01
1.799150966183574951e+02 6.855305958132045419e+01 6.749496779388083212e+01
1.800009259259259125e+02 6.856723027375201696e+01 6.739186795491143300e+01
1.798601851851851734e+02 6.848804347826086314e+01 6.702435587761674185e+01
1.798379629629629619e+02 6.852894524959742739e+01 6.704895330112721297e+01
1.798132850241545952e+02 6.844782608695652470e+01 6.716815619967793793e+01
1.798642914653784146e+02 6.844468599033815792e+01 6.730744766505635823e+01
1.801612318840579690e+02 6.846179549114332019e+01 6.748482286634460081e+01
1.806829710144927503e+02 6.851791465378421719e+01 6.774983896940418049e+01
1.803443236714975910e+02 6.830628019323671651e+01 6.759102254428341894e+01
1.801603462157810043e+02 6.838599033816424821e+01 6.767930756843800566e+01
1.799824476650563554e+02 6.844541062801931730e+01 6.750446859903381380e+01
1.798202495974234978e+02 6.845893719806763045e+01 6.718039452495973762e+01
1.794416264090177151e+02 6.828353462157809872e+01 6.694082125603864597e+01
1.789132045088566940e+02 6.825587761674718479e+01 6.651936392914653595e+01
1.787324879227053032e+02 6.826171497584540759e+01 6.656276167471820315e+01
1.786539855072463752e+02 6.827004830917874756e+01 6.668325281803542737e+01
1.787464573268921129e+02 6.815438808373590973e+01 6.671646537842190128e+01
1.789632850241546009e+02 6.825189210950080110e+01 6.690161030595812974e+01
1.789396537842189900e+02 6.825680354267311145e+01 6.693639291465377994e+01
1.791036634460547532e+02 6.830543478260869961e+01 6.705837359098228490e+01
1.793412238325281862e+02 6.805933977455715933e+01 6.701437198067633005e+01
1.798736312399355768e+02 6.838313204508857268e+01 6.750732689210950355e+01
1.802136473429951593e+02 6.822580515297906345e+01 6.738993558776166992e+01
1.802700483091787476e+02 6.831586151368759374e+01 6.745181159420289418e+01
1.801496376811594189e+02 6.826247987117552896e+01 6.733510466988727217e+01
1.800912640901771340e+02 6.841461352657005079e+01 6.733671497584541044e+01
1.800442834138486319e+02 6.830962157809983637e+01 6.758421900161030749e+01
1.801808373590982342e+02 6.848164251207730047e+01 6.734134460547504375e+01
1.802107085346215740e+02 6.844758454106279544e+01 6.742987117552334553e+01
1.802078099838969365e+02 6.843840579710145278e+01 6.742942834138486319e+01
1.801047906602254329e+02 6.841046698872786180e+01 6.731694847020933992e+01
1.804717391304347700e+02 6.867222222222221717e+01 6.755519323671497034e+01
1.805826489533011170e+02 6.857769726247987307e+01 6.754219001610306350e+01
1.806359500805153004e+02 6.870173107890499864e+01 6.772524154589372358e+01
1.805286231884057884e+02 6.852914653784219468e+01 6.754005636070853313e+01
1.806900563607085246e+02 6.870193236714975171e+01 6.782926731078904936e+01
1.808176328502415515e+02 6.866904186795491682e+01 6.783232689210950639e+01
1.811904589371980592e+02 6.885611916264090837e+01 6.788095813204509454e+01
1.812664653784219126e+02 6.883421900161030749e+01 6.780458937198068270e+01
1.815854669887278590e+02 6.910205314009661492e+01 6.826392914653784771e+01
1.814352254428341382e+02 6.880575684380032442e+01 6.771046698872785896e+01
1.815299516908212638e+02 6.891099033816425390e+01 6.762028985507245693e+01
1.816012479871175458e+02 6.872818035426730887e+01 6.751207729468599439e+01
1.811188405797101382e+02 6.863973429951690264e+01 6.758764090177133710e+01
1.815126006441223865e+02 6.871211755233494500e+01 6.751710950080514806e+01
1.818015700483091734e+02 6.889637681159420879e+01 6.816924315619968411e+01
1.812678743961352552e+02 6.861557971014492807e+01 6.805793075684380256e+01
1.814522544283413765e+02 6.885636070853462343e+01 6.811477455716585894e+01
1.822326489533011227e+02 6.886944444444444002e+01 6.839545088566828213e+01
1.817704911433172299e+02 6.875092592592592666e+01 6.789617552334944151e+01
1.812618760064412129e+02 6.831135265700483217e+01 6.750893719806762761e+01
1.819982286634460422e+02 6.871038647342994921e+01 6.794275362318840905e+01
1.824857487922705275e+02 6.860841384863124404e+01 6.774122383252817770e+01
1.823106682769726206e+02 6.861252012882447104e+01 6.768023349436393232e+01
1.822140096618357461e+02 6.842874396135265158e+01 6.766461352657005079e+01
1.824898550724637687e+02 6.849142512077294498e+01 6.793896940418679264e+01
1.826305152979066122e+02 6.836256038647343303e+01 6.797077294685990978e+01
1.825889291465378506e+02 6.852689210950080678e+01 6.800181159420290555e+01
1.825380434782608745e+02 6.837524154589371506e+01 6.770221417069242875e+01
1.829923913043478194e+02 6.868534621578099575e+01 6.821980676328502113e+01
1.831411835748792214e+02 6.869158615136875312e+01 6.841453301127214104e+01
1.830599033816424992e+02 6.885036231884058111e+01 6.831702898550724967e+01
1.834900161030595882e+02 6.852407407407407902e+01 6.861884057971013817e+01
1.836878421900161129e+02 6.873739935587761352e+01 6.869726247987117063e+01
1.831336956521739125e+02 6.866529790660224819e+01 6.831272141706924117e+01
1.831431561996779465e+02 6.896481481481481524e+01 6.803756038647343019e+01
1.831388083735909902e+02 6.897129629629630188e+01 6.820575684380031589e+01
1.834029790660225387e+02 6.922427536231883494e+01 6.836928341384863472e+01
1.833730273752012749e+02 6.892942834138486319e+01 6.824549114331722421e+01
1.832614734299516783e+02 6.900442834138486603e+01 6.851235909822865722e+01
1.830879227053140141e+02 6.879838969404187310e+01 6.818659420289854722e+01
1.832670289855072383e+02 6.900785024154589564e+01 6.833095813204508318e+01
1.833775362318840507e+02 6.885088566827697321e+01 6.829778582930757125e+01
1.833773752012882312e+02 6.904923510466989001e+01 6.827628824476650493e+01
1.829248792270531396e+02 6.890591787439613825e+01 6.839834943639291964e+01
1.829873590982286657e+02 6.923647342995168685e+01 6.851320450885668834e+01
1.826871175523349393e+02 6.913631239935587303e+01 6.847822061191627085e+01
1.827421095008051566e+02 6.946260064412238933e+01 6.878812399355877005e+01
1.827544283413848518e+02 6.949102254428341041e+01 6.887371175523350075e+01
1.831789452495974331e+02 6.973550724637681242e+01 6.916227858293075315e+01
1.831091787439613654e+02 6.956517713365539635e+01 6.864818840579710013e+01
1.832277375201288123e+02 6.975305958132045703e+01 6.869158615136875312e+01
1.832566022544283442e+02 6.955140901771336814e+01 6.853341384863124119e+01
1.835590579710144823e+02 6.978321256038647391e+01 6.864537037037037237e+01
1.834867954911433117e+02 6.969154589371980535e+01 6.852330917874395766e+01
1.834371980676328633e+02 6.984641706924315940e+01 6.880398550724638085e+01
1.831318840579710070e+02 6.981509661835748659e+01 6.890136876006441469e+01
1.830745571658615063e+02 6.992157809983896755e+01 6.923691626409018340e+01
1.827811594202898675e+02 6.976328502415458388e+01 6.909746376811594359e+01
1.826330112721417152e+02 6.991783413848631312e+01 6.913297101449275317e+01
1.824103462157810043e+02 6.968091787439612972e+01 6.880732689210950070e+01
1.823678743961352779e+02 6.976139291465378278e+01 6.873595008051529476e+01
1.824420289855072497e+02 6.970684380032206207e+01 6.881425120772946968e+01
1.828249194847020931e+02 6.984774557165862063e+01 6.889347826086957127e+01
1.827779790660225387e+02 6.965551529790660368e+01 6.873019323671498171e+01
1.831718196457326826e+02 6.970229468599033851e+01 6.878550724637680958e+01
1.834225442834138562e+02 6.977181964573269113e+01 6.867757648953300986e+01
1.835737520128824372e+02 6.976968599033816076e+01 6.877471819645732865e+01
1.832948872785829337e+02 6.955442834138486319e+01 6.857962962962963616e+01
1.831586956521739182e+02 6.958884863123994080e+01 6.853615136876005920e+01
1.830553542673107756e+02 6.947665056360708036e+01 6.843361513687599995e+01
1.829107890499194866e+02 6.953260869565217206e+01 6.865438808373590973e+01
1.829949677938808463e+02 6.962773752012881801e+01 6.852882447665056986e+01
1.834036231884057884e+02 6.981223832528179685e+01 6.875857487922705502e+01
1.830111111111111200e+02 6.961356682769726945e+01 6.849694041867954297e+01
1.833524154589372017e+02 6.965096618357488012e+01 6.877962962962962479e+01
1.836074476650563554e+02 6.955024154589372642e+01 6.891884057971014954e+01
1.837723429951690832e+02 6.965004025764895346e+01 6.900390499194847393e+01
1.837275362318840450e+02 6.949037842190016079e+01 6.900515297906602541e+01
1.839055958132045134e+02 6.966131239935587871e+01 6.907258454106279544e+01
1.833268518518518420e+02 6.940020128824477297e+01 6.880301932367149220e+01
1.830369162640901664e+02 6.962862318840579690e+01 6.858880837359097882e+01
1.826211352657004738e+02 6.949231078904992387e+01 6.874082125603864313e+01
1.825537037037036896e+02 6.961803542673108325e+01 6.875938003220612416e+01
1.823253623188405754e+02 6.952753623188405641e+01 6.858586956521739353e+01
1.821593397745571679e+02 6.945986312399355711e+01 6.836831723027374608e+01
1.822586151368760170e+02 6.927306763285024260e+01 6.846256038647342734e+01
1.823092592592592496e+02 6.920197262479871370e+01 6.839021739130434696e+01
1.821428743961352552e+02 6.909557165861514250e+01 6.834170692431561633e+01
1.821197262479871313e+02 6.917326892109500136e+01 6.834448470209339632e+01
1.818276167471819633e+02 6.898997584541062622e+01 6.800152979066022851e+01
1.818333333333333428e+02 6.914303542673107472e+01 6.792938808373591542e+01
1.818456119162640903e+02 6.868498389694042316e+01 6.751682769726248523e+01
1.816536634460547646e+02 6.870362318840579974e+01 6.744106280193236103e+01
1.815984702093397800e+02 6.872866344605475319e+01 6.733788244766505215e+01
1.817041867954911538e+02 6.862439613526569815e+01 6.757181964573268829e+01
1.820352254428341325e+02 6.838852657004831315e+01 6.773425925925926094e+01
1.822683172302737660e+02 6.843055555555555713e+01 6.804790660225442878e+01
1.828548309178744091e+02 6.855789049919484057e+01 6.814066022544282930e+01
1.834705716586151425e+02 6.867966988727857824e+01 6.860374396135266295e+01
1.836187600644122426e+02 6.881445249597423697e+01 6.877379227053140198e+01
1.839783011272141664e+02 6.910684380032206775e+01 6.884911433172302964e+01
1.842891706924315542e+02 6.917024959742350632e+01 6.916916264090177435e+01
1.842766908212560395e+02 6.921855877616746966e+01 6.927286634460547532e+01
1.835675120772946798e+02 6.945233494363928628e+01 6.902910628019323269e+01
1.831454911433172299e+02 6.958832528180354871e+01 6.896747181964573770e+01
1.829210950080515374e+02 6.971030595813203945e+01 6.872636876006441753e+01
1.829816022544283385e+02 6.986485507246376869e+01 6.871360708534621153e+01
1.833109098228663356e+02 6.998003220611916220e+01 6.902133655394524681e+01
1.834159420289855120e+02 7.000877616747182230e+01 6.890720611916263749e+01
1.832665861513687560e+02 6.972294685990338792e+01 6.872983091787439491e+01
1.828044283413848632e+02 6.970289855072464036e+01 6.855169082125604518e+01
1.825390096618357347e+02 6.954738325281803668e+01 6.843788244766506068e+01
1.820867552334943582e+02 6.942761674718195763e+01 6.815857487922704649e+01
1.818038647342995091e+02 6.909581320450885755e+01 6.802568438003220308e+01
1.815211755233494273e+02 6.902914653784219468e+01 6.778578904991948662e+01
1.814369967793880960e+02 6.897012882447664595e+01 6.771481481481481524e+01
1.815710547504025669e+02 6.899130434782608745e+01 6.765152979066021999e+01
1.814282206119162595e+02 6.892206119162641187e+01 6.765523349436392664e+01
1.812492753623188264e+02 6.868756038647343587e+01 6.781783413848631881e+01
1.811880837359098280e+02 6.854895330112721297e+01 6.759223027375200843e+01
1.812658615136876108e+02 6.845209339774557122e+01 6.760338164251207616e+01
1.814047504025764965e+02 6.843188405797101836e+01 6.792705314009661777e+01
1.813250805152979126e+02 6.831662640901771510e+01 6.799327697262479830e+01
1.814306360708534669e+02 6.834995974235104654e+01 6.800877616747182230e+01
1.815879227053140141e+02 6.832020933977456423e+01 6.800382447665056418e+01
1.817495571658615177e+02 6.827471819645732865e+01 6.831702898550724967e+01
1.814148148148148039e+02 6.812665056360708604e+01 6.800579710144927503e+01
1.809578502415458843e+02 6.805809178743960786e+01 6.786493558776167845e+01
1.797433977455716558e+02 6.771888083735909447e+01 6.706058776167472502e+01
1.785970209339774613e+02 6.739166666666666572e+01 6.664822866344604790e+01
1.779625603864734273e+02 6.705318035426731171e+01 6.632181964573268829e+01
1.776087761674718308e+02 6.689923510466988432e+01 6.607121578099838644e+01
1.773662640901771397e+02 6.690225442834137937e+01 6.595438808373590689e+01
1.776378019323671538e+02 6.671827697262479262e+01 6.602113526570047952e+01
1.776791867954911481e+02 6.650165056360708604e+01 6.594577294685990410e+01
1.771683977455716672e+02 6.623091787439614109e+01 6.576779388083735967e+01
1.765414653784218899e+02 6.604927536231883778e+01 6.555656199677939355e+01
1.762867552334943753e+02 6.595100644122383926e+01 6.532508051529791260e+01
1.756504428341384880e+02 6.610362318840579121e+01 6.514363929146537657e+01
1.752150161030595825e+02 6.620028180354267988e+01 6.518747987117552611e+01
1.750307971014492807e+02 6.625221417069242591e+01 6.508582930756843155e+01
1.758680354267310690e+02 6.656896135265699854e+01 6.565487117552335405e+01
1.767201690821256079e+02 6.678429951690820587e+01 6.587206119162641471e+01
1.771448470209339803e+02 6.708735909822866006e+01 6.622677133655395210e+01
1.772470611916264147e+02 6.695044283413848518e+01 6.614440418679549794e+01
1.776886070853462058e+02 6.724005636070853598e+01 6.645032206119162765e+01
1.775750402576489648e+02 6.717870370370370381e+01 6.628820450885667981e+01
1.778027777777777771e+02 6.731855877616747819e+01 6.649436392914654448e+01
1.777756843800322031e+02 6.711541867954910856e+01 6.639967793880836666e+01
1.777791062801932469e+02 6.721968599033816361e+01 6.622085346215780532e+01
1.778235909822866461e+02 6.714967793880836666e+01 6.625350241545893937e+01
1.775169082125603950e+02 6.701441223832527783e+01 6.652729468599034135e+01
1.770268518518518590e+02 6.688087761674718479e+01 6.620929951690821724e+01
1.766172302737519999e+02 6.690744766505636676e+01 6.593321256038647959e+01
1.765893719806763329e+02 6.682202093397745557e+01 6.556614331723027078e+01
1.765133252818035317e+02 6.687302737520128915e+01 6.550132850241546123e+01
1.756151771336554077e+02 6.641952495974234694e+01 6.500764895330112836e+01
1.751168679549114415e+02 6.639585346215781669e+01 6.486054750402576019e+01
1.750297504025764965e+02 6.636022544283413538e+01 6.463474235104669674e+01
1.753064009661835883e+02 6.655462962962963047e+01 6.501054750402576587e+01
1.748363929146537714e+02 6.647020933977455570e+01 6.466960547504025669e+01
1.743779790660225331e+02 6.660237520128823974e+01 6.462918679549113676e+01
1.743456521739130380e+02 6.653860708534621438e+01 6.467270531400966149e+01
1.746919887278583019e+02 6.671086956521739353e+01 6.489698067632849643e+01
1.745353462157810043e+02 6.647028985507246546e+01 6.456916264090176583e+01
1.745536634460547418e+02 6.658393719806763045e+01 6.477206119162640618e+01
1.745919887278582792e+02 6.651026570048308884e+01 6.484730273752012408e+01
1.747037037037036953e+02 6.672254428341385335e+01 6.489549114331722990e+01
1.746616344605475035e+02 6.653715780998389562e+01 6.489919484702093655e+01
1.747768921095008068e+02 6.651992753623189003e+01 6.494995974235104086e+01
1.748730273752012749e+02 6.645253623188405356e+01 6.493184380032205638e+01
1.749008051529790748e+02 6.651223832528179969e+01 6.511912238325281521e+01
1.745076086956521806e+02 6.631553945249596893e+01 6.487105475040257829e+01
1.749209339774557179e+02 6.655060386473429901e+01 6.515628019323671083e+01
1.751900161030595768e+02 6.654971819645732012e+01 6.515338164251207331e+01
1.751265297906602143e+02 6.671815619967793509e+01 6.532286634460547248e+01
1.746520531400966263e+02 6.651235909822865722e+01 6.500237520128824542e+01
1.743474235104669958e+02 6.641759259259259807e+01 6.509351851851852189e+01
1.742130032206119097e+02 6.637222222222222001e+01 6.481896135265699854e+01
1.743478260869565304e+02 6.646662640901770658e+01 6.477419484702093655e+01
1.742371175523349507e+02 6.633703703703703525e+01 6.452850241545893084e+01
1.744008856682769704e+02 6.651380837359097598e+01 6.460165056360708036e+01
1.744400563607085246e+02 6.633933172302737091e+01 6.444404186795490830e+01
1.746196457326892073e+02 6.646276167471819463e+01 6.467822061191625949e+01
1.749320048309178617e+02 6.603989533011272783e+01 6.436155394524959661e+01
1.751534621578099973e+02 6.612946859903381380e+01 6.442652979066022567e+01
1.755130434782608688e+02 6.596839774557166436e+01 6.425249597423510295e+01
1.759116747181964513e+02 6.621566022544283214e+01 6.443433977455715933e+01
1.757912640901771226e+02 6.595805152979066577e+01 6.438631239935587303e+01
1.757437600644122426e+02 6.637391304347825383e+01 6.479673913043478706e+01
1.754497181964573258e+02 6.619967793880837803e+01 6.466787439613526089e+01
1.751712962962963047e+02 6.638542673107890835e+01 6.488405797101449934e+01
1.745604267310789055e+02 6.628788244766505500e+01 6.458136070853461774e+01
1.741899758454106291e+02 6.635124798711754579e+01 6.453993558776167561e+01
1.740491143317230183e+02 6.599585346215781101e+01 6.447053140096618051e+01
1.744562399355877744e+02 6.605140901771336814e+01 6.436002415458936810e+01
1.744626006441223751e+02 6.594468599033815792e+01 6.414677938808372915e+01
1.747393317230273624e+02 6.602822061191626801e+01 6.410527375201287725e+01
1.743868357487922651e+02 6.572701288244766715e+01 6.404512882447664879e+01
1.737220611916264090e+02 6.589895330112720728e+01 6.393554750402576303e+01
1.731224235104670015e+02 6.572439613526570668e+01 6.368981481481481666e+01
1.732642109500805248e+02 6.598071658615137380e+01 6.385277777777777430e+01
1.731875603864734217e+02 6.589806763285024260e+01 6.379633655394525249e+01
1.733047101449275260e+02 6.605797101449275033e+01 6.399247181964572917e+01
1.731456924315619972e+02 6.596332528180354871e+01 6.392946859903381807e+01
1.734902979066022510e+02 6.623900966183575179e+01 6.412789855072463752e+01
1.733857085346215854e+02 6.613506441223832155e+01 6.401014492753623131e+01
1.736415458937198082e+02 6.620289855072464036e+01 6.427516103059581098e+01
1.736699677938808293e+02 6.616449275362319327e+01 6.429939613526569531e+01
1.744088969404186855e+02 6.640193236714975455e+01 6.452359098228663470e+01
1.746864734299516897e+02 6.639504830917874756e+01 6.458136070853461774e+01
1.753985507246376869e+02 6.665821256038647391e+01 6.460954106280193798e+01
1.753479066022544259e+02 6.660285829307568406e+01 6.434496779388084065e+01
1.754888083735909845e+02 6.650056360708533987e+01 6.470092592592592950e+01
1.756285024154589394e+02 6.615024154589372074e+01 6.468663446054750921e+01
1.758942834138486262e+02 6.622934782608695059e+01 6.479842995169082087e+01
1.763276570048309111e+02 6.604094202898551202e+01 6.498454106280193798e+01
1.768523752012882539e+02 6.627604669887278988e+01 6.528595008051529192e+01
1.769117149758453991e+02 6.626819645732689423e+01 6.535523349436392948e+01
1.768293880837359211e+02 6.646751207729468547e+01 6.525780998389693366e+01
1.768411835748792384e+02 6.641533816425121017e+01 6.541328502415458956e+01
1.769313204508856643e+02 6.667395330112721297e+01 6.563868760064411845e+01
1.770052737520128687e+02 6.655917874396135403e+01 6.553731884057971513e+01
1.771414653784219126e+02 6.686183574879227365e+01 6.538957326892109734e+01
1.771459742351046600e+02 6.693321256038647959e+01 6.560265700483091678e+01
1.770386473429951764e+02 6.707153784219001125e+01 6.542870370370370381e+01
1.767068035426731001e+02 6.698518518518518761e+01 6.529859098228664038e+01
1.769062801932367108e+02 6.701038647342994636e+01 6.551513687600643721e+01
1.771352254428341269e+02 6.698663446054750636e+01 6.558389694041868268e+01
1.771508454106280226e+02 6.724138486312399721e+01 6.546119162640901834e+01
1.770757246376811622e+02 6.707033011272142176e+01 6.545116747181964456e+01
1.772847826086956502e+02 6.710257648953300702e+01 6.568647342995168970e+01
1.770583735909822849e+02 6.676634460547504091e+01 6.532568438003220024e+01
1.773473429951690719e+02 6.704146537842190412e+01 6.556867954911433571e+01
1.781473832528180310e+02 6.712818035426731456e+01 6.574987922705314247e+01
1.794680354267310918e+02 6.751859903381642880e+01 6.644400161030596053e+01
1.807039855072463865e+02 6.773969404186794918e+01 6.694617552334943866e+01
1.821599838969404175e+02 6.827644927536232444e+01 6.761376811594202252e+01
1.825440016103059691e+02 6.875052334943639210e+01 6.812423510466989285e+01
1.830738325281803611e+02 6.941561996779388721e+01 6.855052334943638925e+01
1.831400966183574894e+02 6.947508051529790407e+01 6.867359098228664038e+01
1.827267713365539521e+02 6.942310789049919606e+01 6.811167471819645414e+01
1.817277375201288123e+02 6.917685185185185048e+01 6.775885668276973206e+01
1.813729871175523272e+02 6.925547504025765022e+01 6.766062801932366710e+01
1.811735909822866404e+02 6.917926731078904368e+01 6.806944444444444287e+01
1.807684782608695571e+02 6.914645732689210433e+01 6.784315619967793509e+01
1.804016505636070917e+02 6.892548309178744148e+01 6.764335748792269953e+01
1.803894524959742398e+02 6.888687600644122710e+01 6.761030595813204513e+01
1.799886876006441128e+02 6.875841384863123551e+01 6.741815619967793793e+01
1.799154991948470297e+02 6.875004025764894777e+01 6.744871175523348938e+01
1.797557971014492750e+02 6.877882447665056986e+01 6.741630434782608461e+01
1.797498792270531283e+02 6.882878421900160504e+01 6.731195652173913402e+01
1.793887681159420424e+02 6.877930756843799998e+01 6.715933977455716786e+01
1.786805958132045191e+02 6.869355877616747819e+01 6.697991143317230467e+01
1.778091384863124063e+02 6.833256843800322144e+01 6.653651368760064599e+01
1.775399758454106234e+02 6.835857487922704934e+01 6.634633655394524965e+01
1.769954911433172242e+02 6.816219806763284339e+01 6.623156199677939071e+01
1.762123590982286601e+02 6.814742351046699298e+01 6.591099033816425390e+01
1.755210547504025840e+02 6.786988727858293657e+01 6.568232689210950070e+01
1.754289049919484569e+02 6.762290660225443162e+01 6.560128824476650777e+01
1.749582930756843666e+02 6.719424315619967558e+01 6.522580515297906345e+01
1.739790257648953400e+02 6.683051529790660084e+01 6.499408212560386744e+01
1.733059178743961297e+02 6.649359903381642312e+01 6.465281803542673345e+01
1.726672302737520113e+02 6.636622383252817770e+01 6.439436392914653595e+01
1.722827697262479774e+02 6.627085346215781669e+01 6.379524959742351342e+01
1.723284621578099802e+02 6.621803542673107756e+01 6.352636876006441469e+01
1.721468599033816531e+02 6.620700483091786737e+01 6.337632850241546123e+01
1.713029388083735967e+02 6.597725442834138221e+01 6.290567632850241608e+01
1.711581320450885642e+02 6.602338969404186741e+01 6.292190016103059236e+01
1.716402173913043612e+02 6.607298711755233001e+01 6.330253623188405498e+01
1.719390096618357404e+02 6.604714170692432162e+01 6.332322866344605217e+01
1.715203301127214104e+02 6.569653784219001125e+01 6.295289855072464036e+01
1.712104267310789112e+02 6.557326892109500704e+01 6.286735104669887164e+01
1.715667471819645868e+02 6.576956521739130324e+01 6.312037037037037379e+01
1.719010869565217376e+02 6.602934782608696196e+01 6.350402576489533146e+01
1.720002012882447673e+02 6.617403381642512272e+01 6.358297101449275601e+01
1.719536634460547475e+02 6.621505636070853029e+01 6.372105475040257971e+01
1.720232286634460479e+02 6.623063607085346405e+01 6.388107890499194497e+01
1.726254025764895346e+02 6.644907407407407618e+01 6.428297101449275885e+01
1.739002415458937207e+02 6.661437198067632437e+01 6.470277777777778283e+01
1.742583333333333258e+02 6.663804347826086882e+01 6.500281803542672776e+01
1.739763285024154698e+02 6.645068438003220024e+01 6.495732689210950639e+01
1.739059178743961240e+02 6.633788244766505215e+01 6.472737520128823974e+01
1.737092995169082030e+02 6.628035426731078417e+01 6.472137681159419742e+01
1.737206924315619858e+02 6.625728663446054156e+01 6.423953301127214388e+01
1.734261272141706911e+02 6.597137681159419742e+01 6.386578099838969536e+01
1.728239935587761806e+02 6.585599838969403663e+01 6.350390499194846683e+01
1.726059178743961411e+02 6.563333333333333997e+01 6.317560386473429901e+01
1.723976650563607222e+02 6.558140096618357973e+01 6.301505636070853456e+01
1.721448470209339803e+02 6.579830917874396334e+01 6.327367149758454445e+01
1.721490740740740648e+02 6.590483091787439207e+01 6.359798711755233569e+01
1.718093800322061213e+02 6.581211755233493932e+01 6.346960547504026096e+01
1.710394524959742455e+02 6.582673107890499864e+01 6.325905797101449224e+01
1.703616344605474922e+02 6.566392914653783919e+01 6.318011272141706769e+01
1.706761674718196389e+02 6.589279388083735967e+01 6.325322061191626233e+01
1.715687198067632835e+02 6.623429951690820872e+01 6.331409017713365728e+01
1.725239533011272215e+02 6.636735104669887164e+01 6.374661835748792527e+01
1.732520128824476728e+02 6.655269726247986739e+01 6.399009661835749085e+01
1.746912640901771283e+02 6.698566827697261772e+01 6.457999194847020874e+01
1.757225845410628153e+02 6.713152173913043441e+01 6.509714170692431878e+01
1.752968599033816304e+02 6.718884863123993512e+01 6.502495974235104370e+01
1.749890499194846996e+02 6.700615942028986183e+01 6.519227053140096473e+01
1.760092190016103189e+02 6.748373590982286885e+01 6.570185185185185617e+01
1.756465780998389619e+02 6.732359098228663186e+01 6.530579710144927219e+01
1.752344202898550805e+02 6.686030595813204513e+01 6.467866344605475604e+01
1.755569243156199661e+02 6.683196457326891959e+01 6.487971014492754307e+01
1.755955314009661947e+02 6.675318035426731456e+01 6.494432367149758534e+01
1.751991948470209479e+02 6.646606280193236671e+01 6.481602254428341325e+01
1.752754025764895403e+02 6.652628824476650493e+01 6.464029790660225672e+01
1.749919887278582848e+02 6.624786634460546964e+01 6.454436392914654164e+01
1.742669887278582905e+02 6.601775362318841189e+01 6.446984702093398312e+01
1.738994766505635994e+02 6.587898550724638369e+01 6.421147342995169538e+01
1.739965378421900084e+02 6.587153784219002262e+01 6.411674718196456979e+01
1.734883252818035544e+02 6.572149758454106916e+01 6.419782608695652470e+01
1.723974235104669788e+02 6.595986312399355711e+01 6.402536231884057827e+01
1.715991948470209252e+02 6.587427536231884062e+01 6.390595813204508602e+01
1.710802334943639380e+02 6.610462962962962763e+01 6.372592592592592808e+01
1.707771336553945218e+02 6.611630434782608745e+01 6.359625603864733989e+01
1.711623993558776249e+02 6.654577294685989841e+01 6.389742351046698587e+01
1.714856682769726319e+02 6.645201288244766147e+01 6.391944444444444429e+01
1.716857487922705445e+02 6.654528985507246830e+01 6.403695652173912833e+01
1.715825684380032214e+02 6.640144927536232444e+01 6.372089371980676020e+01
1.718381642512077292e+02 6.654299516908213263e+01 6.378490338164251483e+01
1.720411835748792271e+02 6.656054750402576303e+01 6.388502415458937378e+01
1.725043075684380085e+02 6.655446859903381096e+01 6.418590982286634983e+01
1.721766908212560452e+02 6.636058776167472217e+01 6.421698872785829337e+01
1.720574879227053202e+02 6.639150563607086042e+01 6.406227858293075883e+01
1.717745974235104711e+02 6.621851851851852189e+01 6.382399355877616642e+01
1.717137681159420310e+02 6.625205314009662061e+01 6.379033816425121017e+01
1.712117149758454104e+02 6.599609500805152607e+01 6.365825281803542879e+01
1.707219404186795373e+02 6.590869565217391823e+01 6.345760869565217632e+01
1.709876811594202763e+02 6.570921900161030749e+01 6.335245571658614949e+01
1.713520128824476672e+02 6.598514492753622562e+01 6.348836553945249506e+01
1.709771739130434867e+02 6.571195652173912549e+01 6.335623993558775879e+01
1.712657809983896868e+02 6.618844605475040055e+01 6.367491948470209451e+01
1.714589774557165924e+02 6.626404991948470524e+01 6.384388083735910158e+01
1.717031400966183696e+02 6.652427536231884631e+01 6.413482286634460650e+01
1.718452093397745557e+02 6.661537842190016079e+01 6.417838164251207900e+01
1.726857487922705445e+02 6.706050724637681526e+01 6.481566022544284067e+01
1.732181561996779351e+02 6.681256038647343587e+01 6.472886473429952048e+01
1.738745571658615177e+02 6.684561191626409027e+01 6.503240740740740478e+01
1.735868760064412299e+02 6.670519323671497602e+01 6.480688405797101836e+01
1.719985104669887335e+02 6.629444444444445139e+01 6.424661835748791816e+01
1.707166666666666686e+02 6.581417069243155993e+01 6.375865539452495767e+01
1.697264895330112608e+02 6.578796296296296475e+01 6.334130434782608887e+01
1.683256441223832667e+02 6.557971014492753170e+01 6.258454106280193230e+01
1.679247987117552441e+02 6.570479066022544146e+01 6.233442028985507477e+01
1.677933172302737432e+02 6.553035426731078417e+01 6.249339774557165583e+01
1.679554347826087053e+02 6.565704508856683219e+01 6.253663446054750352e+01
1.679132850241545896e+02 6.530434782608695343e+01 6.253699677938808321e+01
1.688205314009661890e+02 6.541215780998389562e+01 6.301429146537842030e+01
1.700882045088566770e+02 6.582878421900160504e+01 6.352568438003220308e+01
1.710981884057970888e+02 6.605253623188406209e+01 6.400382447665056418e+01
1.715730273752012920e+02 6.610579710144926935e+01 6.410704508856682082e+01
1.716417874396135232e+02 6.682918679549113961e+01 6.443892914653784487e+01
1.715094605475040339e+02 6.712946859903381380e+01 6.432427536231884346e+01
1.712885668276972524e+02 6.746239935587762204e+01 6.408981481481481524e+01
1.701226650563607166e+02 6.715656199677938787e+01 6.380322061191626659e+01
1.691037439613526487e+02 6.700615942028986183e+01 6.320140901771336672e+01
1.679683977455716501e+02 6.636992753623188435e+01 6.257242351046699014e+01
1.674280998389694162e+02 6.613119967793880960e+01 6.184275362318840763e+01
1.665256441223832553e+02 6.562065217391304373e+01 6.162483896940418759e+01
1.655587359098228717e+02 6.540901771336554305e+01 6.109818840579710297e+01
1.651005636070853484e+02 6.531912238325281805e+01 6.079557165861513823e+01
1.656514895330112722e+02 6.540640096618356836e+01 6.131590177133655573e+01
1.662380032206119154e+02 6.553965378421899857e+01 6.163425925925925952e+01
1.673138083735909731e+02 6.576570048309179128e+01 6.212202093397745273e+01
1.681651368760064429e+02 6.603099838969404800e+01 6.239722222222222570e+01
1.698355877616747307e+02 6.666022544283413254e+01 6.335511272141707195e+01
1.710667471819645868e+02 6.698397745571658390e+01 6.392326892109500847e+01
1.719474637681159379e+02 6.745523349436392380e+01 6.410813204508856700e+01
1.719570450885668151e+02 6.732979066022544146e+01 6.427898550724637516e+01
1.714861513687600620e+02 6.716304347826087451e+01 6.392443639291465729e+01
1.703272946859903243e+02 6.676235909822865722e+01 6.335499194847020732e+01
1.699502415458937321e+02 6.663337359098228774e+01 6.324235104669887164e+01
1.696979468599033680e+02 6.639665861513687162e+01 6.337145732689211286e+01
1.696981481481481353e+02 6.653357487922704649e+01 6.326336553945249364e+01
1.692182367149758591e+02 6.616002415458936525e+01 6.291115136876006630e+01
1.688198067632850154e+02 6.610350241545893368e+01 6.284722222222222143e+01
1.679010064412238421e+02 6.585615942028985614e+01 6.269685990338164316e+01
1.676859500805153118e+02 6.601984702093398028e+01 6.307024959742351200e+01
1.674295088566827587e+02 6.587894524959742171e+01 6.289110305958131875e+01
1.673476247987117631e+02 6.603981481481481808e+01 6.307226247987117773e+01
1.665390096618357347e+02 6.586002415458936810e+01 6.266799516908212553e+01
1.662023349436393005e+02 6.568083735909823417e+01 6.235623993558775879e+01
1.662131642512077292e+02 6.550132850241546123e+01 6.214500805152979268e+01
1.667660225442834019e+02 6.579291465378422288e+01 6.229070048309178986e+01
1.672665458937198082e+02 6.586698872785829906e+01 6.226586151368760369e+01
1.681971819645732751e+02 6.619170692431562486e+01 6.278216586151368972e+01
1.691551529790660311e+02 6.627121578099838928e+01 6.277000805152979268e+01
1.696058373590982171e+02 6.651095008051530044e+01 6.292411433172302537e+01
1.692679146537842314e+02 6.618780193236715093e+01 6.253111916264089842e+01
1.694966586151368801e+02 6.634541062801932298e+01 6.277491948470209593e+01
1.694668679549114358e+02 6.616014492753623699e+01 6.268502415458937094e+01
1.693260869565217490e+02 6.636920289855072497e+01 6.280173107890499296e+01
1.691137681159420367e+02 6.628421900161031033e+01 6.285462962962962763e+01
1.690495169082125528e+02 6.627185990338163890e+01 6.308466183574878983e+01
1.690601449275362427e+02 6.616980676328502398e+01 6.305607890499194923e+01
1.691243961352656981e+02 6.630865539452496193e+01 6.319384057971014812e+01
1.688045893719806827e+02 6.630289855072463467e+01 6.286344605475040481e+01
1.690879629629629619e+02 6.662930756843800850e+01 6.281843800322061355e+01
1.688012479871175628e+02 6.657661030595812690e+01 6.272431561996779692e+01
1.685690016103059463e+02 6.658345410628020034e+01 6.253687600644122568e+01
1.683664653784219070e+02 6.654041867954911993e+01 6.240466988727857967e+01
1.686809581320450775e+02 6.672709339774557691e+01 6.272218196457326655e+01
1.691188003220611904e+02 6.651618357487922140e+01 6.329158615136876165e+01
1.693779388083735853e+02 6.677640901771336246e+01 6.353816425120773204e+01
1.690884460547503920e+02 6.648446054750402823e+01 6.346916264090177151e+01
1.691287037037037067e+02 6.657850241545894221e+01 6.370442834138486177e+01
1.697396135265700536e+02 6.622858293075684344e+01 6.327612721417069253e+01
1.705771739130434810e+02 6.633772141706924685e+01 6.354206924315619887e+01
1.709090177133655288e+02 6.611022544283413538e+01 6.387604669887278419e+01
1.711696457326892187e+02 6.625752818035427083e+01 6.394569243156199434e+01
1.710098228663445923e+02 6.599967793880837519e+01 6.373611111111111427e+01
1.705865942028985387e+02 6.621433172302737091e+01 6.339158615136876307e+01
1.701198470209339746e+02 6.612741545893719319e+01 6.304589371980676304e+01
1.701624798711755204e+02 6.635656199677939071e+01 6.328880837359098166e+01
1.700703301127214218e+02 6.617858293075684628e+01 6.323623188405797180e+01
1.700459339774557179e+02 6.633772141706924685e+01 6.330938003220612131e+01
1.700205314009661777e+02 6.629528985507246830e+01 6.338216586151369114e+01
1.701111916264090098e+02 6.641719001610306350e+01 6.347665056360708746e+01
1.697809178743961240e+02 6.621062801932367847e+01 6.337065217391304373e+01
1.699530595813204457e+02 6.636316425120773488e+01 6.344814814814814952e+01
1.699134460547504091e+02 6.627665056360709173e+01 6.340245571658615376e+01
1.701727858293075712e+02 6.650197262479871085e+01 6.354347826086956275e+01
1.698248389694041975e+02 6.643289049919484057e+01 6.367657004830918055e+01
1.699215780998389675e+02 6.645873590982286316e+01 6.364150563607085331e+01
1.699310789049919492e+02 6.648526570048309736e+01 6.378462157809983779e+01
1.700511272141706911e+02 6.648635265700482933e+01 6.398446054750402823e+01
1.701099436392914583e+02 6.625281803542672776e+01 6.382165861513687588e+01
1.702716988727858336e+02 6.641525764895330042e+01 6.386723027375201411e+01
1.706165458937198025e+02 6.626449275362318758e+01 6.425414653784218899e+01
1.706515297906602200e+02 6.629416264090177435e+01 6.418848631239936253e+01
1.706055152979066065e+02 6.619524959742351200e+01 6.409428341384862904e+01
1.707293075684380028e+02 6.633852657004831599e+01 6.400370370370370665e+01
1.705018518518518533e+02 6.634247181964573770e+01 6.382721417069242875e+01
1.705264090177133767e+02 6.648884863123993227e+01 6.372709339774556980e+01
1.702720611916264204e+02 6.642729468599033282e+01 6.351578099838969393e+01
1.705772544283413765e+02 6.661207729468598870e+01 6.354432367149758676e+01
1.712690016103059634e+02 6.640519323671497887e+01 6.400466988727858109e+01
1.715178743961352552e+02 6.640986312399355995e+01 6.406364734299516783e+01
1.714671095008051509e+02 6.611481481481482092e+01 6.421686795491143585e+01
1.715148953301127221e+02 6.613719806763285192e+01 6.435942028985506624e+01
1.717268115942028999e+02 6.604947665056360506e+01 6.422528180354267135e+01
1.714224637681159322e+02 6.629279388083736535e+01 6.376960547504025811e+01
1.710582125603864654e+02 6.623208534621578281e+01 6.347544283413848376e+01
1.708972222222222115e+02 6.621010466988727217e+01 6.327057165861513965e+01
1.709089774557165811e+02 6.627584541062802259e+01 6.351396940418679549e+01
1.708323268921095064e+02 6.629645732689211002e+01 6.347765700483091678e+01
1.706659017713365643e+02 6.625789049919484341e+01 6.358063607085346547e+01
1.705488727858293032e+02 6.634424315619968127e+01 6.368695652173912691e+01
1.702974637681159322e+02 6.620229468599033851e+01 6.339782608695652044e+01
1.705661835748792328e+02 6.631268115942029340e+01 6.345100644122383216e+01
1.705932769726248068e+02 6.632439613526570099e+01 6.373727858293075599e+01
1.708398550724637630e+02 6.621751207729468547e+01 6.377455716586151624e+01
1.710544685990338110e+02 6.604194847020933423e+01 6.386634460547504233e+01
1.715809581320450832e+02 6.610962157809983353e+01 6.406763285024155152e+01
1.716943236714975853e+02 6.609798711755233569e+01 6.396513687600644005e+01
1.714576892109500932e+02 6.603003220611915935e+01 6.400479066022543861e+01
1.715022141706924401e+02 6.590104669887278988e+01 6.446501610305958252e+01
1.715596215780998364e+02 6.602721417069243159e+01 6.459963768115942173e+01
1.720242351046698843e+02 6.605064412238324678e+01 6.476876006441223410e+01
1.719017310789049873e+02 6.612508051529790976e+01 6.477556360708534555e+01
1.718014090177133539e+02 6.612198067632850496e+01 6.482693236714975171e+01
1.716947665056360677e+02 6.638063607085345552e+01 6.456594202898550350e+01
1.717717391304347814e+02 6.651928341384862620e+01 6.434412238325282374e+01
1.716781400966183639e+02 6.668111916264089700e+01 6.417431561996779976e+01
1.714628019323671424e+02 6.658333333333332860e+01 6.393880837359098024e+01
1.714387681159420254e+02 6.671155394524959092e+01 6.400732689210950355e+01
1.713767310789049816e+02 6.674255233494363893e+01 6.370974235104669958e+01
1.712452495974235092e+02 6.663349436392914527e+01 6.369754428341384767e+01
1.712093800322061270e+02 6.667540257648953173e+01 6.384041867954911709e+01
1.712678341384863074e+02 6.658433977455716501e+01 6.378168276972624540e+01
1.711815619967793793e+02 6.639227053140096757e+01 6.349694041867955008e+01
1.712088566827697207e+02 6.653788244766505500e+01 6.353880837359098166e+01
1.714076892109500818e+02 6.664166666666666572e+01 6.359754428341384624e+01
1.713777375201288180e+02 6.656493558776168129e+01 6.374557165861513397e+01
1.713741143317230353e+02 6.656304347826086598e+01 6.364009661835748943e+01
1.713464573268921072e+02 6.643184380032205638e+01 6.367109500805153033e+01
1.714600241545893766e+02 6.663739935587761920e+01 6.380837359098228490e+01
1.711938405797101552e+02 6.669802737520129199e+01 6.387471819645733007e+01
1.711849033816424992e+02 6.676336553945249364e+01 6.386167471819645414e+01
1.712379629629629676e+02 6.683409822866344996e+01 6.384979871175523414e+01
1.713547101449275374e+02 6.691356682769726660e+01 6.376086956521739069e+01
1.716490740740740648e+02 6.678164251207729762e+01 6.403107890499194355e+01
1.718867552334943696e+02 6.693401771336553452e+01 6.436376811594202252e+01
1.720917471819645641e+02 6.688446054750401970e+01 6.457870370370370949e+01
1.721311191626409141e+02 6.698341384863124404e+01 6.448747987117552327e+01
1.720995571658615120e+02 6.692395330112721297e+01 6.454138486312399436e+01
1.721578502415459013e+02 6.694641706924315372e+01 6.437487922705314247e+01
1.721376811594202820e+02 6.677705314009661208e+01 6.465531400966183639e+01
1.720202093397745671e+02 6.686815619967794078e+01 6.459033816425120733e+01
1.719140499194847109e+02 6.678401771336554305e+01 6.442483896940419186e+01
1.718222222222222229e+02 6.668321256038647959e+01 6.457701288244766147e+01
1.719650966183574781e+02 6.663711755233494216e+01 6.415466988727858677e+01
1.727053945249597291e+02 6.660998389694042032e+01 6.423526570048309736e+01
1.729233091787439491e+02 6.648953301127214388e+01 6.411706924315619460e+01
1.729965780998389562e+02 6.644295491143317633e+01 6.410402576489532578e+01
1.732669484702093428e+02 6.645966183574878983e+01 6.414448470209339348e+01
1.729516505636070747e+02 6.657512077294686037e+01 6.417077294685989841e+01
1.727136473429951593e+02 6.663361513687600279e+01 6.405410628019323838e+01
1.727203301127214274e+02 6.675966183574878698e+01 6.434460547504025385e+01
1.726390096618357575e+02 6.676513687600643721e+01 6.434102254428341894e+01
1.726434380032206093e+02 6.685692431561996329e+01 6.441723027375201127e+01
1.726863526570048180e+02 6.686723027375201411e+01 6.415583735909822849e+01
1.726847423510467081e+02 6.696759259259259522e+01 6.420358293075683775e+01
1.724017310789049873e+02 6.679021739130435265e+01 6.413586956521739069e+01
1.723903381642512045e+02 6.687129629629629335e+01 6.395925925925926236e+01
1.719355877616747250e+02 6.669834943639291680e+01 6.381239935587761636e+01
1.721659017713365643e+02 6.675680354267311145e+01 6.382230273752012550e+01
1.723674718196457434e+02 6.676191626409017488e+01 6.398643317230273908e+01
1.727983896940418731e+02 6.669017713365539635e+01 6.426465378421900709e+01
1.728369967793880733e+02 6.663244766505636107e+01 6.419601449275361915e+01
1.731623188405797009e+02 6.686183574879227365e+01 6.421086956521739353e+01
1.728445249597423583e+02 6.680382447665056134e+01 6.407157809983897323e+01
1.728762077294686037e+02 6.691026570048309452e+01 6.428301127214170663e+01
1.728413848631240057e+02 6.689718196457326371e+01 6.409520933977455570e+01
1.728082930756843894e+02 6.687181964573268544e+01 6.409138486312399152e+01
1.725413043478260988e+02 6.672262479871174889e+01 6.398582930756843723e+01
1.722953703703703638e+02 6.669037842190016363e+01 6.404053945249597746e+01
1.721273349436392834e+02 6.668611111111111711e+01 6.376976650563607052e+01
1.722059178743961354e+02 6.675205314009662061e+01 6.415366344605475035e+01
1.720928743961352723e+02 6.673349436392913958e+01 6.413140096618357688e+01
1.718985104669887392e+02 6.683466183574878983e+01 6.392890499194847109e+01
1.719409822866344655e+02 6.662934782608695627e+01 6.388554750402576587e+01
1.724288647342995091e+02 6.679315619967793793e+01 6.412677133655394357e+01
1.723971014492753682e+02 6.660293880837359382e+01 6.409456521739130608e+01
1.725259661835748659e+02 6.658949275362319042e+01 6.436280193236714808e+01
1.723853462157809986e+02 6.639029790660225672e+01 6.410986312399356279e+01
1.724314814814814838e+02 6.647560386473429617e+01 6.405028180354267420e+01
1.721266505636070860e+02 6.647592592592592098e+01 6.393329307568438225e+01
1.720706119162640846e+02 6.652854267310789282e+01 6.376658615136876307e+01
1.716975845410628096e+02 6.638599033816424821e+01 6.368852657004831030e+01
1.714494766505636107e+02 6.633691626409017772e+01 6.356626409017713542e+01
1.710183977455716615e+02 6.646348631239935401e+01 6.341187600644122568e+01
1.710060386473429901e+02 6.672351046698872779e+01 6.364134460547504091e+01
1.707933172302737432e+02 6.655837359098228490e+01 6.356827697262480115e+01
1.708670289855072326e+02 6.674561191626409595e+01 6.377407407407407192e+01
1.705378824476650550e+02 6.663252818035427083e+01 6.367061191626409311e+01
1.702195249597423583e+02 6.670213365539451900e+01 6.353812399355877716e+01
1.701281803542673003e+02 6.674367954911433287e+01 6.338095813204508744e+01
1.704566022544283328e+02 6.698071658615137380e+01 6.366276167471819747e+01
1.702202495974235035e+02 6.685785024154588996e+01 6.327669082125603950e+01
1.701872785829307588e+02 6.681896135265699854e+01 6.354887278582931032e+01
1.709522141706924288e+02 6.656871980676328349e+01 6.371260064412238222e+01
1.715299516908212638e+02 6.663204508856682651e+01 6.403695652173912833e+01
1.712869565217391425e+02 6.645326086956521294e+01 6.394319645732689139e+01
1.715712157809983864e+02 6.654766505636071372e+01 6.405233494363929481e+01
1.716507246376811509e+02 6.642097423510466569e+01 6.382826086956522005e+01
1.715364331723027362e+02 6.653570853462157686e+01 6.417443639291465729e+01
1.708685587761674753e+02 6.626936392914653595e+01 6.374863123993559100e+01
1.709402173913043441e+02 6.645056360708534271e+01 6.371437198067632579e+01
1.709627616747181946e+02 6.643772141706924117e+01 6.367721417069243017e+01
1.709511272141706968e+02 6.650628019323671936e+01 6.390507246376811423e+01
1.708480676328502454e+02 6.653011272141706911e+01 6.403884863123992943e+01
1.711303140096618449e+02 6.683321256038647107e+01 6.417878421900161356e+01
1.707913848631239944e+02 6.683260869565216922e+01 6.388043478260869534e+01
1.706281400966183526e+02 6.694412238325281805e+01 6.394625603864734131e+01
1.704603864734299634e+02 6.692407407407407050e+01 6.388055555555555287e+01
1.704120370370370381e+02 6.695825281803543305e+01 6.394347826086956843e+01
1.702303945249597348e+02 6.689855072463768693e+01 6.391187600644122568e+01
1.703763285024154470e+02 6.699307568438003102e+01 6.396670692431562344e+01
1.700673913043478365e+02 6.675789049919484341e+01 6.401195652173913686e+01
1.700775362318840678e+02 6.678703703703703809e+01 6.389492753623188293e+01
1.696415458937198082e+02 6.669311594202898164e+01 6.337129629629629335e+01
1.694113526570048407e+02 6.688860708534620869e+01 6.300583735909822991e+01
1.695141304347826008e+02 6.683711755233494500e+01 6.317411433172302537e+01
1.695677133655394471e+02 6.705322061191625949e+01 6.330728663446054583e+01
1.691875603864734217e+02 6.673514492753622562e+01 6.309899355877616500e+01
1.690779388083736023e+02 6.696010466988727217e+01 6.313123993558776448e+01
1.691601851851851848e+02 6.677713365539452184e+01 6.299931561996779550e+01
1.693253623188405754e+02 6.683140096618357973e+01 6.297886473429951337e+01
1.690424718196457263e+02 6.650849436392914527e+01 6.271509661835748517e+01
1.689447262479871199e+02 6.662169887278582792e+01 6.274158615136875738e+01
1.688908212560386346e+02 6.646046698872785896e+01 6.287181964573269255e+01
1.689074476650563668e+02 6.657882447665056702e+01 6.292415458937198025e+01
1.684057165861513568e+02 6.629335748792270522e+01 6.274698067632850496e+01
1.680995974235104597e+02 6.628007246376812134e+01 6.257648953301126937e+01
1.677092592592592553e+02 6.610132850241545555e+01 6.239520933977455996e+01
1.676280998389694048e+02 6.603260869565217206e+01 6.227383252818035686e+01
1.673347020933977376e+02 6.607387278582930890e+01 6.218240740740741046e+01
1.675333333333333314e+02 6.629987922705313963e+01 6.224963768115942031e+01
1.674673510466988660e+02 6.624625603864734558e+01 6.205680354267310861e+01
1.680292270531400902e+02 6.647238325281803384e+01 6.236324476650563753e+01
1.683222624798711706e+02 6.622741545893720172e+01 6.255660225442834133e+01
1.687349838969404061e+02 6.612858293075684912e+01 6.256038647342995063e+01
1.687296296296296418e+02 6.598884863123993227e+01 6.255342190016103388e+01
1.691258051529790691e+02 6.601304347826086882e+01 6.271119162640901834e+01
1.691089774557165981e+02 6.596602254428341894e+01 6.269899355877616642e+01
1.690313607085346348e+02 6.627504025764895346e+01 6.269009661835748659e+01
1.689878824476650436e+02 6.628723832528180537e+01 6.271219806763284765e+01
1.689060386473429958e+02 6.641038647342995205e+01 6.282198067632850069e+01
1.688017310789049930e+02 6.633896940418679833e+01 6.287733494363929054e+01
1.690642512077294555e+02 6.655120772946860086e+01 6.297149758454106205e+01
1.693539855072463638e+02 6.644420289855072781e+01 6.325378421900160930e+01
1.698014492753623301e+02 6.649210950080515659e+01 6.354806763285024118e+01
1.699656602254428321e+02 6.647632850241545555e+01 6.372592592592592808e+01
1.703447262479871256e+02 6.654359903381642027e+01 6.385161030595813259e+01
1.703547906602254329e+02 6.651034621578099859e+01 6.376964573268921299e+01
1.710657809983896982e+02 6.652910628019323269e+01 6.366477455716586320e+01
1.711582125603864597e+02 6.623876811594202252e+01 6.350177133655394357e+01
1.715677133655394471e+02 6.624343800322061782e+01 6.383526570048309168e+01
1.714733896940418560e+02 6.607512077294686037e+01 6.381666666666666998e+01
1.717548711755233626e+02 6.624971819645732296e+01 6.365978260869565020e+01
1.713558373590982171e+02 6.614581320450885471e+01 6.351409017713365301e+01
1.712884057971014613e+02 6.645072463768116222e+01 6.362270531400966433e+01
1.712765297906602200e+02 6.645789049919484626e+01 6.347455716586151198e+01
1.710877616747181946e+02 6.685519323671498171e+01 6.354235104669887590e+01
1.708433172302737546e+02 6.662463768115941321e+01 6.351710950080515516e+01
1.711438003220611961e+02 6.692294685990337655e+01 6.397898550724637801e+01
1.712006843800322144e+02 6.674557165861513397e+01 6.395913848631239773e+01
1.713255636070853427e+02 6.671284219001610438e+01 6.412004830917874187e+01
1.708735909822866290e+02 6.641199677938809032e+01 6.407781803542673060e+01
1.709985507246376812e+02 6.664227053140096757e+01 6.397210144927536390e+01
1.708609500805152948e+02 6.649943639291466013e+01 6.365144927536231734e+01
1.705656602254428265e+02 6.649907407407407334e+01 6.347395330112721723e+01
1.700147342995169026e+02 6.625950080515298168e+01 6.311002415458937520e+01
1.699601851851851961e+02 6.627073268921094495e+01 6.295551529790660084e+01
1.696417874396135232e+02 6.608224637681159663e+01 6.263051529790660510e+01
1.698910225442834019e+02 6.617149758454105779e+01 6.288768115942028913e+01
1.700297101449275488e+02 6.605350241545893653e+01 6.307081320450885897e+01
1.703779790660225331e+02 6.609943639291465445e+01 6.309911433172302964e+01
1.702068840579710240e+02 6.582157809983897323e+01 6.277238325281803810e+01
1.703768518518518533e+02 6.598852657004830746e+01 6.295140901771336672e+01
1.699733896940418560e+02 6.553864734299516215e+01 6.303498389694041748e+01
1.700294283413848575e+02 6.573985507246376869e+01 6.289983896940418617e+01
1.700096215780998250e+02 6.566243961352657266e+01 6.292971014492753312e+01
1.699119565217391425e+02 6.560213365539452468e+01 6.289231078904992245e+01
1.697282608695652186e+02 6.544223027375201696e+01 6.281159420289854722e+01
