1.891433563168467344e+02 3.753065638742602772e+01 5.300576144198925022e+01
1.894168836527498740e+02 3.765619306151256751e+01 5.320009446766925265e+01
1.896653043053368890e+02 3.768185460665617370e+01 5.330925023073999824e+01
1.900517769694337460e+02 3.771573049568380753e+01 5.354133014821651670e+01
1.909817167055757636e+02 3.766226179488571546e+01 5.403171507682284869e+01
1.911671697703458506e+02 3.779399858841414073e+01 5.409051631467506382e+01
1.907333753189641072e+02 3.766774743471415121e+01 5.344826103480102120e+01
1.896502177099733899e+02 3.740335088767034222e+01 5.269043053368803697e+01
1.882616005212009327e+02 3.750306422715674159e+01 5.206449101471307017e+01
1.871728302296541528e+02 3.789721700418046879e+01 5.170549324067538777e+01
1.860482349747543367e+02 3.801058255062707048e+01 5.117602258537380067e+01
1.840269775775014978e+02 3.798330311091807232e+01 5.017026005754927098e+01
1.808984657147510688e+02 3.723845811390412308e+01 4.850728269721483343e+01
1.782571160214995416e+02 3.723083012107063183e+01 4.757633422009880775e+01
1.768744133774906402e+02 3.788844236929257647e+01 4.742793094087626571e+01
1.764556827189315413e+02 3.834291872522938149e+01 4.747651772626092281e+01
1.760407731147184904e+02 3.819574569737770986e+01 4.716228676909712902e+01
1.747020891470763786e+02 3.789593680438677126e+01 4.607575329822466159e+01
1.745520668874531793e+02 3.749864813507790728e+01 4.559714425321678988e+01
1.761918030294804396e+02 3.769449047179542589e+01 4.617750475052934434e+01
1.785699809978826238e+02 3.848782887236006189e+01 4.751484011075520186e+01
1.812082936098593962e+02 3.950108040610239613e+01 4.909056952060372225e+01
1.836208295781530069e+02 3.968493077800097524e+01 5.014672566371681484e+01
1.860241316032357872e+02 3.959845159889244570e+01 5.113448938596015125e+01
1.884493913893262516e+02 3.971374233128834419e+01 5.237453607687713486e+01
1.907312416526413017e+02 4.010619577610076902e+01 5.373026874423150190e+01
1.929271035343938365e+02 4.047939844725554792e+01 5.523676421086921096e+01
1.940672446929800685e+02 4.142027797383136800e+01 5.660584070796460310e+01
1.948398620989195820e+02 4.196528041696074496e+01 5.751148813724957876e+01
1.953789434822737405e+02 4.240875291818230863e+01 5.840225310820348881e+01
1.955830392529453263e+02 4.278387426027471463e+01 5.901179977197459436e+01
1.957529203539822902e+02 4.334110212280796759e+01 5.976622617948856941e+01
1.956112503393235329e+02 4.430976491666213946e+01 5.986585590965850656e+01
1.957777501493023635e+02 4.474327487920082547e+01 6.004614257017210832e+01
1.959284510559748185e+02 4.467010369726912700e+01 6.004249959281177240e+01
1.962202823171724901e+02 4.455108203485531249e+01 5.997859492914924573e+01
1.965927998262663436e+02 4.387720505999239862e+01 5.955733101688473852e+01
1.970878017264780908e+02 4.311122319344155329e+01 5.860622943699441123e+01
1.971836505782072777e+02 4.309660459308322800e+01 5.825123839513545931e+01
1.971606276127911315e+02 4.334579836038872713e+01 5.804009446766925606e+01
1.967204245615940010e+02 4.326323904663662745e+01 5.752147673597914945e+01
1.957535675118084555e+02 4.378816330962592929e+01 5.709349150333894585e+01
1.942601335577392945e+02 4.538689396818502786e+01 5.736439546120853805e+01
1.929811346978663380e+02 4.655333079971768484e+01 5.740062761279114056e+01
1.923522037026982900e+02 4.715484336826103373e+01 5.746136815245127138e+01
1.923849850697649231e+02 4.833589554264617760e+01 5.840255279874043026e+01
1.925496997665454160e+02 4.965018513491503427e+01 5.972703186926543140e+01
1.921739247516151750e+02 5.069431999565665592e+01 6.123343395406917011e+01
1.890666442260709061e+02 5.218317932569629392e+01 6.229130571692274287e+01
1.837573136435202912e+02 5.319120147673597643e+01 6.220848471686844761e+01
1.791261425701721066e+02 5.285835170204679656e+01 6.129494652261251986e+01
1.772117465660459175e+02 5.190432379608013491e+01 6.024685922145610562e+01
1.796862750420761188e+02 4.947764808078614607e+01 5.841499104185894709e+01
1.825556696889081820e+02 4.820044736413485964e+01 5.736046908084043849e+01
1.849734502415983570e+02 4.900122482219447306e+01 5.786763667951571932e+01
1.895420750312177631e+02 5.136787230577121477e+01 6.043064335740267978e+01
1.939491709647646474e+02 5.199761984906889722e+01 6.197443400836093019e+01
1.944447907052500000e+02 5.062668005863510245e+01 6.051519952223247856e+01
1.926792464303165104e+02 4.579945491069004504e+01 5.622240946848363308e+01
1.899004441066290383e+02 3.977992507736576044e+01 5.125065638742602658e+01
1.879874499158477761e+02 3.460692545740810999e+01 4.746090450078722967e+01
1.874985666974320111e+02 3.104135620826320618e+01 4.566585265215266531e+01
1.904080492969216607e+02 2.713459905532330652e+01 4.635607470546717934e+01
1.929164460611325183e+02 2.468031597806612609e+01 4.708574732613062253e+01
1.947480243227102505e+02 2.274833921494109390e+01 4.745769151419729326e+01
1.948313914979097774e+02 1.678914816222378903e+01 4.445742982789510478e+01
1.948402823171724947e+02 1.270066887453173265e+01 4.234378413594657786e+01
1.966700298604701800e+02 1.148355393886747322e+01 4.279952657581844733e+01
1.978148107932026676e+02 1.152990064607199017e+01 4.393300830663988421e+01
1.979011694445952685e+02 1.192980292089690053e+01 4.460124653890004964e+01
1.973313762962158648e+02 1.231471632553341600e+01 4.493383028394592316e+01
1.958708681253053783e+02 1.130617948857158339e+01 4.405779032520766947e+01
1.937086530213366586e+02 9.827047070959334718e+00 4.201225690862695927e+01
1.919409121016341828e+02 9.960958792551169338e+00 4.124574081111895651e+01
1.908691666214235170e+02 1.184981703675552467e+01 4.185283565883055701e+01
1.900119713339486509e+02 1.345046202291112358e+01 4.241651229708453030e+01
1.896609088441283575e+02 1.349826374938921703e+01 4.230032683641891822e+01
1.906937857646994985e+02 1.239568380476681675e+01 4.152713393778164175e+01
1.910259438623160975e+02 1.060791465334708761e+01 3.995107660567892083e+01
1.933005733210272012e+02 6.274832509908247147e+00 3.796889190509799761e+01
1.959223801509311045e+02 3.476519897931483971e+00 3.695941690645528865e+01
1.968217948857158319e+02 2.574638145393343791e+00 3.629265866768011506e+01
1.966073207014495949e+02 2.221443075085509644e+00 3.654961941473478504e+01
1.970533666322818931e+02 1.756370052663011050e+00 3.671126662685270503e+01
1.977243335685976433e+02 1.178695911830175413e+00 3.625839947879906333e+01
1.981981019599326714e+02 7.905043704869971766e-01 3.560059069439166279e+01
1.987770541288886363e+02 5.629947336988978535e-01 3.499285086052445592e+01
1.981518182311743317e+02 4.388490146044844997e-01 3.501300613496932357e+01
1.981152071230794149e+02 4.558988001520169475e-01 3.530232260166133074e+01
1.984162516966176213e+02 3.926934144090341583e-01 3.500100222596232413e+01
1.981234051794342861e+02 2.907182800369184084e-01 3.385536891253596536e+01
1.970168738802323674e+02 1.837450458765405303e-01 3.249707150225310670e+01
1.956765828763776653e+02 3.180911015798903452e-01 3.248026060046690588e+01
1.949119387588902725e+02 5.372419783918779279e-01 3.277743417123622294e+01
1.943629893045225003e+02 7.270915902057657476e-01 3.299681850263315397e+01
1.938913676095336314e+02 8.271154785818991551e-01 3.294254845539931864e+01
1.932669243715728271e+02 8.856648026494380321e-01 3.274719040121613745e+01
1.930814528476030318e+02 9.270677018296324956e-01 3.278170367555242137e+01
1.929865486725663857e+02 1.001594006189261199e+00 3.306746294587111379e+01
1.933268668223030602e+02 1.116641511482708182e+00 3.380578207285955017e+01
1.936272034312394794e+02 1.168537922797111772e+00 3.423991964818937106e+01
1.930002291112438115e+02 1.160827406482436652e+00 3.360343449698680729e+01
1.918026939573266816e+02 1.173100602638579737e+00 3.259274227699658155e+01
1.913443639719854446e+02 1.560044519246430283e+00 3.293945382485476614e+01
1.925299310494598046e+02 2.273971442532167764e+00 3.467176393941038981e+01
1.939072718388620444e+02 2.586591020142244624e+00 3.594193387263152317e+01
1.938650089581410612e+02 2.945182691785656282e+00 3.614891579347413142e+01
1.933932374178837108e+02 3.045792931212335297e+00 3.528628698626418725e+01
1.936062044627829835e+02 2.741662413811824628e+00 3.467458385362940732e+01
1.940524317281068534e+02 2.440002171670557551e+00 3.448246267441228952e+01
1.939094022476790258e+02 2.547078560182420404e+00 3.447027743091373253e+01
1.937383506162115339e+02 2.657395081166187278e+00 3.444729681307345714e+01
1.927834366686573730e+02 2.884325967750692055e+00 3.403301156414571693e+01
1.917527802812313382e+02 2.916020413703241054e+00 3.336653672837830698e+01
1.910758977143167385e+02 3.044054508930995162e+00 3.305173462185786093e+01
1.901599022748249013e+02 3.399878386448775824e+00 3.300067647537868254e+01
1.891315435148488007e+02 3.697320158531950618e+00 3.286420761170530369e+01
1.879916890167761494e+02 3.691061403985015588e+00 3.263404527933112576e+01
1.874295358054183112e+02 3.614900917530810442e+00 3.248596232151582797e+01
1.875247537868505390e+02 4.055937890222053532e+00 3.335006026385796929e+01
1.884257592703186788e+02 6.274429665019816582e+00 3.567013735816276920e+01
1.887806254411205771e+02 1.030257668711656471e+01 3.875954069167707416e+01
1.898962962158640551e+02 1.390198816439546192e+01 4.079592160269287149e+01
1.904666746294587085e+02 1.641337966230522838e+01 4.209649818122591114e+01
1.905234453553395895e+02 1.770483522449644553e+01 4.251133829198110448e+01
1.904432933384005651e+02 1.825936370052663094e+01 4.259285194635973681e+01
1.903551354579510360e+02 1.942520223682067382e+01 4.314866605136000999e+01
1.905459004289049290e+02 1.998695368912536097e+01 4.231973179868614210e+01
1.905518138878332195e+02 2.006481242195559034e+01 4.170364406319561112e+01
1.903357858732830152e+02 2.111044356371138520e+01 4.186481785113198129e+01
1.901720571149356545e+02 2.274781584233671694e+01 4.251866550844236770e+01
1.896599587382594052e+02 2.146983223844942756e+01 4.117692274281991160e+01
1.902210988653021388e+02 2.162195667517237752e+01 4.136162115207122980e+01
1.907401574461154325e+02 2.294228133992073282e+01 4.238706118681795942e+01
1.912504739670991967e+02 2.549133394863999058e+01 4.436233020250828218e+01
1.919172180900157514e+02 2.762205874368858360e+01 4.616170910472881417e+01
1.918484716868451017e+02 2.875022313914979222e+01 4.668773549052608729e+01
1.928645246756067024e+02 2.866930235083338019e+01 4.689280634127802472e+01
1.935785829849611730e+02 2.961947336988978918e+01 4.782071447961344290e+01
1.941684304251045035e+02 3.018059069439166109e+01 4.843310603181497243e+01
1.942101427873391515e+02 2.965440360497312611e+01 4.796253542537596815e+01
1.937407894022476853e+02 2.811563277050871434e+01 4.675992181985992602e+01
1.918081871980020594e+02 2.880375807589988568e+01 4.552493186383625812e+01
1.907330376241924057e+02 2.943557413540365886e+01 4.505571746566045732e+01
1.902527553070199247e+02 2.976711330691134094e+01 4.483641782941527509e+01
1.902927900537488597e+02 2.968238232260166143e+01 4.477782615777186948e+01
1.899799446224007795e+02 2.970173299310494741e+01 4.450767142624464157e+01
1.907047505293446932e+02 2.914792876920571274e+01 4.517977957543840262e+01
1.915906281557087709e+02 2.958302079374558957e+01 4.645901623323742058e+01
1.919585080623269562e+02 3.102030186220750352e+01 4.775333297138823951e+01
1.922955296161572392e+02 3.247477821814430854e+01 4.890566697431999899e+01
1.924295282045713691e+02 3.334973668494489374e+01 4.960972691242738364e+01
1.928088386991693426e+02 3.268076877137738023e+01 4.873745588794179895e+01
1.919620848037352800e+02 3.182247027525924210e+01 4.735659916390683577e+01
1.901086693088658421e+02 3.087540583093544555e+01 4.554858244204353923e+01
1.878882338889190464e+02 2.964291763939410274e+01 4.354322058743688473e+01
1.875329572723817932e+02 2.860096096422172707e+01 4.274847603018621811e+01
1.871422151039687378e+02 2.914657581844834056e+01 4.344256148542265805e+01
1.872329692165698418e+02 2.986136163743960026e+01 4.428478744774417919e+01
1.876703947011238256e+02 3.061689125359682961e+01 4.514564742928497765e+01
1.879339953309082887e+02 3.060950431619523471e+01 4.529754166892882239e+01
1.875765101254139608e+02 2.924539768717085764e+01 4.428043759161734982e+01
1.877810185134915173e+02 2.655668928823497410e+01 4.278490363211900416e+01
1.878399239915304975e+02 2.482876377653509792e+01 4.182371681415929032e+01
1.875450317606818942e+02 2.414683316140941471e+01 4.130707747434713895e+01
1.870168033009392445e+02 2.400462891579347513e+01 4.099516260383300192e+01
1.866691894239643830e+02 2.388027145881969560e+01 4.079144144633259117e+01
1.867451653184211864e+02 2.379050979966338986e+01 4.102110646614908518e+01
1.871335501384440079e+02 2.389002334545849493e+01 4.142772028883218383e+01
1.871799815408002701e+02 2.425882186872251367e+01 4.171639285520386409e+01
1.872312416526413017e+02 2.472588739888158926e+01 4.203935718551495881e+01
1.874399207340246392e+02 2.462281882838373548e+01 4.212162983875346356e+01
1.876158130191649889e+02 2.399012107063358457e+01 4.182295781529941792e+01
1.872870047233834612e+02 2.324156468863673553e+01 4.127116021499538334e+01
1.873119029263260700e+02 2.309094739128074281e+01 4.123407242521309257e+01
1.880492274281991456e+02 2.354525870025517165e+01 4.197021988164395623e+01
1.884562397524295534e+02 2.420321841576632949e+01 4.258023345458494191e+01
1.885610554318909919e+02 2.447458819697051879e+01 4.265842662468103441e+01
1.887021673272164719e+02 2.459724415006243703e+01 4.277306368423909788e+01
1.888155556762039282e+02 2.445540800260600633e+01 4.272177642651610086e+01
1.888888560725337982e+02 2.395698463543080692e+01 4.234777132309028502e+01
1.888157739290949451e+02 2.363293338400564636e+01 4.212522395352625182e+01
1.888577316901026109e+02 2.358020196536185509e+01 4.207103968727943766e+01
1.890102861175959674e+02 2.403139692708615982e+01 4.237613876974862848e+01
1.888912796568760655e+02 2.427572398067213300e+01 4.238190781258482787e+01
1.888047917910852789e+02 2.409732450187306441e+01 4.229293338400564295e+01
1.891402573429610641e+02 2.383568597643737519e+01 4.229862859004288822e+01
1.890948281665671402e+02 2.375203431239480878e+01 4.214485259786090410e+01
1.891079407133937877e+02 2.402090558662250785e+01 4.241245018730658245e+01
1.897614778218144238e+02 2.474212823714642440e+01 4.328205114284163102e+01
1.900185960149845243e+02 2.548690265486725792e+01 4.387509419621043349e+01
1.902647451001683123e+02 2.602534882458331111e+01 4.435200933818340019e+01
1.912852044084912393e+02 2.625573918236603532e+01 4.498063412780281567e+01
1.917896943373690135e+02 2.658066561702589681e+01 4.537514197296270169e+01
1.918262772137466641e+02 2.646534773874803292e+01 4.534588414137575541e+01
1.918232748792008238e+02 2.634233780335523178e+01 4.520323035995439653e+01
1.919860665617025859e+02 2.658684293392692410e+01 4.550129322981703694e+01
1.920445876540528900e+02 2.743137955372170111e+01 4.594748792008252281e+01
1.922273076714262459e+02 2.866213040881698149e+01 4.664374287420598364e+01
1.924772104891687832e+02 2.932115967207774432e+01 4.718782452901894686e+01
1.924812313372061396e+02 2.901751778055269071e+01 4.695741136869536803e+01
1.922821401813344835e+02 2.808725229382702793e+01 4.620502850317606658e+01
1.921350192735762050e+02 2.749761984906889722e+01 4.548895162603832887e+01
1.922103599543949315e+02 2.711695748954883456e+01 4.511824203268363931e+01
1.925166317389652022e+02 2.706924697323416140e+01 4.519739399533090562e+01
1.927233519735056291e+02 2.717742548455399287e+01 4.532980183506162319e+01
1.926826570389272035e+02 2.702573103860144244e+01 4.522453444812421708e+01
1.926831901840490673e+02 2.658436071447961169e+01 4.508403930723709152e+01
1.924953569683478918e+02 2.642784081654813022e+01 4.507458928280579613e+01
1.923286269612899844e+02 2.620770943047939738e+01 4.493839296378739334e+01
1.921618263749389257e+02 2.539459579781746967e+01 4.437745805961235845e+01
1.920036581790542414e+02 2.440644660405016708e+01 4.367445681090178766e+01
1.924558260491883459e+02 2.354224116401541878e+01 4.366352027797383073e+01
1.928393246104566003e+02 2.340930669417449295e+01 4.396569846354307742e+01
1.930734100656930252e+02 2.342622292198273470e+01 4.424192084260817381e+01
1.931381052174385218e+02 2.297132309028720343e+01 4.397256962918725520e+01
1.930843075085509497e+02 2.236966393398121511e+01 4.355993810738910810e+01
1.931477116021499398e+02 2.248466040501655883e+01 4.362109452196101955e+01
1.932239491829089388e+02 2.247926597535153803e+01 4.357364460611325541e+01
1.933247896194147302e+02 2.223710733481730983e+01 4.344683533307997436e+01
1.933790184049079812e+02 2.199194093056083332e+01 4.326674738042238744e+01
1.934070448992887918e+02 2.205341983821054441e+01 4.333360551604321387e+01
1.932175568706227295e+02 2.219829523861230314e+01 4.325061621152071467e+01
1.931540463651664083e+02 2.218383082686356644e+01 4.316874640317063694e+01
1.933887149139475525e+02 2.275942667897280103e+01 4.366561594006189040e+01
1.936716510125413890e+02 2.349331451218850120e+01 4.425864487757207399e+01
1.935985113198327952e+02 2.323837993376404754e+01 4.408371898582984727e+01
1.937770877897822857e+02 2.228954340626527042e+01 4.349495955263586211e+01
1.939198805581193312e+02 2.190669526032900905e+01 4.336808947282697346e+01
1.940674423150008181e+02 2.239775340680818871e+01 4.371173787936370303e+01
1.944203528964656016e+02 2.330878332157011812e+01 4.449822031597806671e+01
1.945283804766816900e+02 2.361043813453499141e+01 4.479963515934633023e+01
1.947976741408328394e+02 2.279259026005754762e+01 4.431095716379824978e+01
1.948498550409902919e+02 2.206688962484390970e+01 4.375913567511808111e+01
1.946947803898148663e+02 2.190879092241706871e+01 4.354068950540202820e+01
1.947054302622292141e+02 2.207049785547532395e+01 4.363780226939573481e+01
1.947968543351973381e+02 2.228531842119550532e+01 4.374873011564145742e+01
1.948746859221456020e+02 2.256025082794939962e+01 4.417902817742548649e+01
1.948072631521798144e+02 2.260337694771703099e+01 4.432904826537814102e+01
1.948763374776046362e+02 2.283598023779792641e+01 4.458973994245072703e+01
1.950887854932406640e+02 2.330826972148324927e+01 4.508583202128237133e+01
1.953342114121287807e+02 2.388885824420435355e+01 4.563350670503284334e+01
1.955662109777946682e+02 2.409831044030620717e+01 4.559006895054019992e+01
1.956371084206525950e+02 2.364139204082740520e+01 4.514908192627178352e+01
1.956634790162332251e+02 2.307335468809381496e+01 4.480373853086486946e+01
1.956407437971659817e+02 2.309471198219230104e+01 4.471876540528801769e+01
1.956986676801129192e+02 2.347615722894837020e+01 4.490178402736304974e+01
1.956766925457408206e+02 2.407095282045713702e+01 4.536704707095933742e+01
1.957093544709267690e+02 2.400418263749389070e+01 4.537119930506542431e+01
1.957044052337260496e+02 2.380032357891307981e+01 4.529908464085998077e+01
1.956461338834898811e+02 2.385177914110429498e+01 4.532086758238774848e+01
1.955820945762527856e+02 2.411487811498995626e+01 4.539835604538791358e+01
1.953897073673923614e+02 2.408260926217492681e+01 4.530249742114121148e+01
1.950563559368043798e+02 2.411926054617514481e+01 4.519117541668929050e+01
1.947776187632336189e+02 2.407030023345458503e+01 4.510317389651989828e+01
1.947280145501927393e+02 2.393629404419349527e+01 4.498966827732233043e+01
1.948583918779521014e+02 2.395731364352027626e+01 4.508520983766762669e+01
1.950236929257831662e+02 2.445858515663173804e+01 4.552295998696997970e+01
1.952680981595092078e+02 2.507586731092893118e+01 4.605396058417937866e+01
1.953792268852814971e+02 2.519085183777620784e+01 4.624645529073239913e+01
1.952521124925348772e+02 2.454187849503230368e+01 4.583029154677235795e+01
1.951203974157120342e+02 2.401537434171236285e+01 4.537078017264781238e+01
1.954030251370867006e+02 2.392744340083609345e+01 4.529637656767468457e+01
1.957429219827352256e+02 2.436657256094250457e+01 4.557426787556327952e+01
1.958681633096259418e+02 2.449933546880938096e+01 4.566156794614256853e+01
1.959688582442043412e+02 2.393386937401596271e+01 4.530781258483088436e+01
1.957426885281502678e+02 2.306084803735273425e+01 4.453262066344535697e+01
1.958678788207828916e+02 2.239705847222976232e+01 4.426591563059884038e+01
1.959477528638905426e+02 2.225926054617514538e+01 4.425829306694174647e+01
1.959953786850534811e+02 2.234083283565882994e+01 4.439622563657093224e+01
1.959223193441554827e+02 2.196039415820619922e+01 4.415331994136489158e+01
1.959433606601878637e+02 2.165919213855258008e+01 4.393628535751126662e+01
1.958109083012107021e+02 2.173026765839622243e+01 4.396062761279114284e+01
1.958938183397578712e+02 2.220431619523318290e+01 4.436248004777674936e+01
1.960848982029426111e+02 2.247980780715565530e+01 4.470887996090993255e+01
1.962347456430859438e+02 2.253287040555947840e+01 4.489341115152831208e+01
1.963246636625223971e+02 2.236287094847711643e+01 4.489129160106411831e+01
1.959731516368966879e+02 2.260387751778055332e+01 4.472135077908681211e+01
1.958367196916227897e+02 2.281997176828275187e+01 4.479637439600412563e+01
1.958452771594549233e+02 2.302004017590531504e+01 4.483948531407785509e+01
1.958124990498941429e+02 2.300184266246810338e+01 4.479296270155817439e+01
1.959229252402410566e+02 2.321611270970193885e+01 4.502480699277919740e+01
1.958885303219501566e+02 2.326876920571149299e+01 4.504464303165210026e+01
1.958143590857266929e+02 2.289551984363971826e+01 4.484760953363375080e+01
1.956896921656984603e+02 2.256308485802703601e+01 4.453355991096150746e+01
1.955237743634290553e+02 2.250233888919051140e+01 4.435470329551007040e+01
1.956707475975894397e+02 2.261492697757750037e+01 4.453968293609859330e+01
1.957002855746783325e+02 2.300910147130680272e+01 4.458046365166404001e+01
1.955895846680058696e+02 2.341421466963461739e+01 4.463723980672131830e+01
1.957253314512188638e+02 2.368103480102068659e+01 4.485685650686790638e+01
1.957817601389869253e+02 2.370734784733155820e+01 4.492746403170639269e+01
1.957099375644714598e+02 2.395043270535859747e+01 4.499040013030023033e+01
1.956646310874640449e+02 2.429994896574189767e+01 4.522726315217981607e+01
1.957218741516911962e+02 2.460017047613877139e+01 4.544298170367554945e+01
1.957349106900483093e+02 2.476744340083609330e+01 4.556529887616048313e+01
1.956733622889407798e+02 2.479280199793691253e+01 4.550590694391660662e+01
1.956266833161409409e+02 2.475933981215049684e+01 4.545868939681849952e+01
1.955528562897008555e+02 2.498218578641619914e+01 4.546255388457571200e+01
1.953717661110809445e+02 2.498228676909712931e+01 4.518516966176230909e+01
1.950763146750637986e+02 2.474659102014224388e+01 4.492223682067430701e+01
1.946655160432162575e+02 2.470960204137032434e+01 4.461680764428036383e+01
1.946048732287312077e+02 2.459845268472772517e+01 4.459029914761930513e+01
1.947945045876540462e+02 2.405806286986264197e+01 4.448138226830990050e+01
1.949045800532059332e+02 2.353737553613116873e+01 4.427783375861881865e+01
1.949723350887670392e+02 2.298193495846680179e+01 4.402823606058960593e+01
1.951093566425973052e+02 2.302335848851729239e+01 4.415690319778489936e+01
1.952704109886530262e+02 2.364511645583365151e+01 4.467161409414191553e+01
1.953660622183614635e+02 2.422988870188392596e+01 4.516640751398013265e+01
1.955434768445626901e+02 2.422707421684130580e+01 4.533292252565286162e+01
1.956165264129431591e+02 2.428115532873663085e+01 4.536059938107388945e+01
1.955689212226505163e+02 2.426161463705955867e+01 4.532720994625115196e+01
1.955219078125848284e+02 2.433231880123785373e+01 4.535581193332971139e+01
1.951279016233237371e+02 2.484367555241869852e+01 4.523191161300830743e+01
1.949583223844942665e+02 2.536322601661327880e+01 4.526440631956132421e+01
1.949333177696943267e+02 2.559480102068516061e+01 4.532089798577555939e+01
1.949313198327813552e+02 2.573527010152560024e+01 4.526824583310711603e+01
1.949366382539768665e+02 2.547470981052174466e+01 4.510568760519029041e+01
1.949302079374558900e+02 2.514963895976980268e+01 4.488029643303111271e+01
1.948533025680004300e+02 2.515473695640371332e+01 4.482239100928389064e+01
1.948446462891579358e+02 2.541694011618437443e+01 4.499336011727020690e+01
1.949894684836310432e+02 2.573419512459959790e+01 4.527216569846354588e+01
1.951639166078505809e+02 2.612733155980237854e+01 4.562914490471795403e+01
1.954852760736196444e+02 2.579879363700526795e+01 4.577208860415874625e+01
1.956950822520223596e+02 2.555894565394429563e+01 4.580314892230848756e+01
1.959546718062869957e+02 2.553655573049568517e+01 4.602286226179488438e+01
1.961912427384765749e+02 2.602889516260383473e+01 4.654278625332536734e+01
1.965010043976328689e+02 2.715659373473044269e+01 4.743639937021553976e+01
1.968329703024051298e+02 2.748458873988816009e+01 4.769795320049948373e+01
1.968909397904338050e+02 2.702842608176339567e+01 4.735195938976057306e+01
1.966983267278353935e+02 2.637488571583690700e+01 4.688605678918508346e+01
1.967128302296541733e+02 2.650889516260383161e+01 4.696547152396981062e+01
1.967883424724469421e+02 2.700411857321244469e+01 4.734531950703077996e+01
1.966993256962918792e+02 2.729707475975894582e+01 4.740780064064281163e+01
1.966399869699766612e+02 2.695572506650741218e+01 4.715658396221293458e+01
1.963408968999402759e+02 2.619206471578261741e+01 4.642771377382051412e+01
1.958814441609207790e+02 2.563569792062543939e+01 4.583503121776426781e+01
1.956647679027091726e+02 2.542241706933058154e+01 4.555355882512623111e+01
1.956051023399750193e+02 2.521035669688908243e+01 4.548432488191541267e+01
1.958219078125848398e+02 2.501297573158151977e+01 4.558886150171019125e+01
1.959616895596937809e+02 2.518149845268472831e+01 4.575077040013029972e+01
1.960533003963298881e+02 2.564050599923991669e+01 4.615292361148813427e+01
1.960664596340735102e+02 2.610767359791519482e+01 4.648018893533851070e+01
1.958571279656875959e+02 2.670160595037732776e+01 4.669693685867854072e+01
1.955763027308757387e+02 2.672269178565611725e+01 4.646448775720723035e+01
1.949759986969976637e+02 2.636563439926163355e+01 4.593407025354253648e+01
1.944246832075574218e+02 2.604197947771323030e+01 4.548707964601769760e+01
1.940887865790759577e+02 2.613430153645692045e+01 4.537478690482653576e+01
1.940399989141647268e+02 2.614345078451598781e+01 4.539382919811064454e+01
1.941903860144416001e+02 2.570912861718877096e+01 4.516236277756664208e+01
1.940754579510288238e+02 2.527212552255822686e+01 4.481508985286932045e+01
1.939754666377110652e+02 2.505480644986155525e+01 4.462312394809707428e+01
1.939702687442315039e+02 2.514673217872848809e+01 4.463882838373418593e+01
1.941995135457950994e+02 2.536442912210217671e+01 4.505162712416526460e+01
1.942340061892610947e+02 2.466674303708127525e+01 4.468044736413486362e+01
1.938784700580921765e+02 2.295749606384711328e+01 4.343453499104185767e+01
1.936283207557413562e+02 2.225015907486834266e+01 4.292182854660948266e+01
1.937104435637113795e+02 2.287229599869699825e+01 4.334172647809327117e+01
1.937229751886638667e+02 2.376403387806069745e+01 4.400252782452901812e+01
1.938568641077148698e+02 2.451093761876323285e+01 4.446381345349910674e+01
1.939063141321461501e+02 2.492936967262066261e+01 4.477096476464519981e+01
1.939015255985667068e+02 2.510766599706824564e+01 4.489778381019599607e+01
1.937841088006949235e+02 2.459219175851023564e+01 4.445890330636842691e+01
1.933839394103914344e+02 2.426390357782724294e+01 4.384563657093219291e+01
1.931996329876757557e+02 2.441290840979423393e+01 4.374996688202399753e+01
1.932197687170856284e+02 2.502910581464791662e+01 4.404582224876486407e+01
1.932796167001465903e+02 2.512473207014495813e+01 4.414747706172973807e+01
1.931254498072642320e+02 2.476013247190401145e+01 4.382041696074705328e+01
1.930990748683424840e+02 2.404550409902817876e+01 4.352965416146370359e+01
1.930662240078180218e+02 2.369535696834790173e+01 4.334097508008035504e+01
1.929815636028014580e+02 2.336498724143547534e+01 4.316540854552364692e+01
1.930171019056409136e+02 2.323589337097562435e+01 4.308712742276996721e+01
1.930518475487268688e+02 2.326447689885444348e+01 4.315980780715565146e+01
1.929678918508062395e+02 2.379675443835170157e+01 4.359390846408599884e+01
1.929968923394321223e+02 2.428393072370921502e+01 4.400980726423801315e+01
1.932056387426027584e+02 2.470970845322764475e+01 4.442164178294152777e+01
1.933181410500027084e+02 2.479948965741897027e+01 4.461890004886258509e+01
1.934717693685867914e+02 2.460227373907378379e+01 4.462374504587653945e+01
1.935201444160920801e+02 2.460869211140670032e+01 4.452776263640805610e+01
1.935127650795374450e+02 2.499841902383408510e+01 4.465399533090830175e+01
1.935453813996416841e+02 2.527498561268255628e+01 4.482756175688147948e+01
1.936870655301590887e+02 2.524796460176991175e+01 4.485389109072153957e+01
1.936884141375753359e+02 2.486493946468320715e+01 4.452897225690862371e+01
1.938389185080623349e+02 2.432854878114989816e+01 4.430038981486508476e+01
1.938846495466637805e+02 2.413506922199902149e+01 4.421312340517943085e+01
1.939072121179217163e+02 2.417081817688256606e+01 4.424791248167652924e+01
1.935304902546283756e+02 2.423753406808187094e+01 4.409122645094738857e+01
1.931959378902220408e+02 2.436024322710244761e+01 4.406497312557684864e+01
1.930930387100276846e+02 2.461012541397469988e+01 4.434259406048102647e+01
1.932954384059938207e+02 2.509355013844399807e+01 4.480380042347575653e+01
1.935747054671806211e+02 2.536261686302188068e+01 4.517543949182908847e+01
1.937918801237852335e+02 2.564197839187795225e+01 4.544491231880123649e+01
1.938576730549975480e+02 2.575772517509093973e+01 4.556006732178728669e+01
1.938307584559422310e+02 2.577155220153102633e+01 4.541956349421792538e+01
1.936965437863076147e+02 2.574103262935012637e+01 4.521826374938921589e+01
1.937393408979857838e+02 2.576878332157011897e+01 4.519927031869265477e+01
1.938042977360334476e+02 2.575208534665291182e+01 4.518834247244692648e+01
1.937832759650360970e+02 2.581932786796242851e+01 4.521684782018567716e+01
1.936633552310114510e+02 2.568873988815896681e+01 4.516831424072967849e+01
1.934087778923937151e+02 2.551864813507791041e+01 4.490675063792822641e+01
1.933159498344101337e+02 2.542904609370758351e+01 4.481095607796297031e+01
1.933626602964330345e+02 2.552764428036266864e+01 4.492067756121396371e+01
1.933368228459742681e+02 2.554901894782561556e+01 4.489344372658667481e+01
1.933639003203214202e+02 2.558882784081654904e+01 4.487235789130788532e+01
1.933380520115098591e+02 2.556371898582985125e+01 4.479653292795482855e+01
1.933475096367880894e+02 2.595009609642217185e+01 4.496235952006080794e+01
1.934324425864596435e+02 2.651343612573972663e+01 4.533759270318692813e+01
1.934703045767957121e+02 2.663448612845431285e+01 4.542499484228242324e+01
1.934034757587274100e+02 2.650047233834627392e+01 4.547304739670991580e+01
1.934197111678158478e+02 2.672751289429393395e+01 4.579058689396818238e+01
1.934357880449535685e+02 2.708741951245995949e+01 4.601258591671643217e+01
1.935486313046311011e+02 2.723670557576415518e+01 4.617789673706498377e+01
1.935984515988924386e+02 2.716764753786850406e+01 4.624109886530213487e+01
1.939642065258700256e+02 2.679145447635593769e+01 4.612023236874966159e+01
1.942467897279982765e+02 2.660191975677289733e+01 4.606820891470763968e+01
1.943903371518540553e+02 2.670929474998642661e+01 4.617605190292632500e+01
1.944712155925946035e+02 2.667592051685759102e+01 4.619126988435854031e+01
1.945537716488408648e+02 2.631400076008469568e+01 4.601207231662957042e+01
1.940198349530376163e+02 2.652282208588956891e+01 4.580368423910093156e+01
1.936387740919702480e+02 2.690907975460122614e+01 4.576340409359900008e+01
1.934394668548781056e+02 2.729897931483793982e+01 4.588243335685976376e+01
1.934326087192573027e+02 2.797293555567620515e+01 4.621706390140615639e+01
1.935652250393615361e+02 2.854467234920462460e+01 4.671704869971225094e+01
1.941409099299636125e+02 2.877020467995005149e+01 4.732769748629132778e+01
1.945659547206688842e+02 2.923620391986535694e+01 4.802395352625006808e+01
1.948101786199033540e+02 2.965220696020413627e+01 4.847101362723275031e+01
1.950301406156686141e+02 2.972162115207122923e+01 4.861367935284217623e+01
1.950427156740322516e+02 2.957673815082252133e+01 4.858450621640697165e+01
1.949852652152668497e+02 2.968746186003583176e+01 4.862322167327216249e+01
1.949012563114175691e+02 3.056417503664694024e+01 4.884899071610836785e+01
1.948233769477170370e+02 3.114691459905532156e+01 4.900824474727183855e+01
1.944426820131386080e+02 3.135817145339052203e+01 4.887445355339595210e+01
1.938738715456865123e+02 3.099137846788642037e+01 4.829411803029480410e+01
1.928335544817851144e+02 3.064972908409794172e+01 4.718022259623214865e+01
1.922190357782724277e+02 3.018285574678321126e+01 4.636959335468809229e+01
1.920344209783375788e+02 2.993079754601226838e+01 4.600295564362885870e+01
1.918951495738096469e+02 2.984084260817633805e+01 4.582497421141212612e+01
1.916265084966610459e+02 2.965100059720940351e+01 4.548669851783484575e+01
1.918060980509256694e+02 2.923895759813236239e+01 4.571919648189369667e+01
1.922233400293175407e+02 2.904725880883869849e+01 4.613350453336229151e+01
1.925027601932786752e+02 2.895542971931158149e+01 4.636543894891145356e+01
1.925802019653618515e+02 2.841782398610130755e+01 4.620804495358053998e+01
1.926250426190347014e+02 2.768735653401379082e+01 4.579276507953743192e+01
1.929897638308268597e+02 2.728678647049242656e+01 4.580729789890873604e+01
1.931628568326185018e+02 2.724973016993322261e+01 4.598643248819153939e+01
1.931589825723437741e+02 2.696488843042510553e+01 4.578054943265106402e+01
1.930669906075248434e+02 2.641965579021662336e+01 4.539107117650252121e+01
1.929737293012649957e+02 2.603517889136217889e+01 4.510242684184809292e+01
1.926789804006732254e+02 2.641171942016396201e+01 4.517481187903794648e+01
1.924506411857321382e+02 2.682224442152125476e+01 4.526607524838482277e+01
1.924189402247679084e+02 2.676943916607850582e+01 4.517525272816114068e+01
1.924478701341006683e+02 2.651266735436234256e+01 4.506311308974428442e+01
1.924401835061621284e+02 2.642713719528747518e+01 4.496227916825017701e+01
1.923102904609370682e+02 2.582028774634887824e+01 4.448392855203865537e+01
1.923539605841793900e+02 2.569347630164504181e+01 4.444202834030077298e+01
1.928489233943210763e+02 2.647867310928932127e+01 4.527015798903306631e+01
1.934501688473858394e+02 2.759669254574081165e+01 4.633626906998208028e+01
1.936360671046202242e+02 2.774912644551821472e+01 4.656288180682990685e+01
1.934265443292252655e+02 2.748597969488028525e+01 4.604697540583093485e+01
1.929894608827840727e+02 2.696147022096747747e+01 4.533342526738693579e+01
1.930079765459579733e+02 2.681949400076008416e+01 4.517496932515337704e+01
1.930705423747217537e+02 2.737939301807915626e+01 4.552013464357457195e+01
1.932217742548455419e+02 2.783053043053368825e+01 4.579198544980726382e+01
1.931757739290949587e+02 2.733589445681090169e+01 4.548267224062109904e+01
1.930263336771811851e+02 2.653996851077691588e+01 4.500950974537163063e+01
1.926863391063575648e+02 2.624561811173245118e+01 4.463072045170747515e+01
1.924909701938215960e+02 2.604401650469623775e+01 4.440111080949019851e+01
1.923986698517834952e+02 2.590886258754547100e+01 4.432238123676638253e+01
1.923334263532222224e+02 2.625360008686682178e+01 4.477724415006243674e+01
1.923671415386286014e+02 2.689535914001845995e+01 4.535590748683424778e+01
1.926069069982083590e+02 2.739580107497692651e+01 4.590644334654432868e+01
1.923565253271078745e+02 2.740610565177262714e+01 4.584536836961832762e+01
1.918458624246701731e+02 2.709199305065421726e+01 4.543481079320267213e+01
1.915628296867365350e+02 2.718630435962864311e+01 4.530739996742494213e+01
1.916133090830120977e+02 2.777676529670448957e+01 4.567687605190292288e+01
1.916489939736142105e+02 2.793100059720940465e+01 4.571122536511211365e+01
1.916566523698354843e+02 2.767971116781584229e+01 4.556513600086866944e+01
1.917558922851403338e+02 2.772733481730821481e+01 4.567663499647103720e+01
1.920189988598729656e+02 2.849285737553613274e+01 4.614001085835278815e+01
1.921590205765785413e+02 2.932300016287529232e+01 4.659623215158260479e+01
1.924023269450024429e+02 2.963673054997556733e+01 4.688997339703566780e+01
1.922781812259080425e+02 2.927717574243987286e+01 4.651216352679298893e+01
1.919992768337043287e+02 2.849571420815462375e+01 4.587452087518323651e+01
1.915138726315217923e+02 2.820260926217492781e+01 4.541527661653726966e+01
1.913682306314132120e+02 2.880261903469243734e+01 4.571021662413811981e+01
1.914761974048536786e+02 2.936631087464031609e+01 4.610844888430425215e+01
1.915577240892556574e+02 2.946788642162983862e+01 4.619730930017916393e+01
1.914246756067104513e+02 2.946997448287094912e+01 4.610325533416580868e+01
1.916748346815788011e+02 2.939588577012867177e+01 4.623083880775286048e+01
1.918670296975948872e+02 2.911558390792116668e+01 4.618714479613442592e+01
1.916999663391063677e+02 2.860840870839893668e+01 4.579719854498072351e+01
1.911605331451218888e+02 2.833849286063304262e+01 4.532297193115804390e+01
1.909945339052065663e+02 2.815889896302730833e+01 4.512996362451816168e+01
1.898810532602204262e+02 2.933406373853086535e+01 4.533430913730386891e+01
1.892765720180248650e+02 3.050784190238340798e+01 4.578340735110483450e+01
1.892078842499592781e+02 3.109493783593028837e+01 4.608121504967696325e+01
1.891962386665942688e+02 3.087947228405450772e+01 4.595958086758238892e+01
1.885770020087952616e+02 3.041886095879254981e+01 4.539155220153102732e+01
1.890472772680384423e+02 3.016289049351213336e+01 4.547154134317823804e+01
1.895998946739779569e+02 3.044928280579836155e+01 4.601659916390683236e+01
1.898771051631467515e+02 3.032179162821000062e+01 4.617319507030783399e+01
1.898911862750420880e+02 2.997439383245561473e+01 4.597833324284705725e+01
1.899399424507302285e+02 3.010304793962755809e+01 4.602644877572072346e+01
1.895379575438406050e+02 3.096179379988055658e+01 4.644299473369889597e+01
1.895551213420924057e+02 3.159019816493837851e+01 4.688923720071665002e+01
1.895201835061621125e+02 3.181783267278353833e+01 4.698390466366252127e+01
1.894287637765351064e+02 3.202063304196753535e+01 4.707827135023617160e+01
1.894942743905749580e+02 3.178712199359357271e+01 4.705687388023236650e+01
1.898714946522612479e+02 3.187792931212334935e+01 4.703058906563874331e+01
1.899958206200119548e+02 3.206512079917476399e+01 4.707701503881860816e+01
1.900331505510613965e+02 3.209187903794994412e+01 4.703518974971496647e+01
1.901227026440089105e+02 3.204751072262337885e+01 4.698495575221238596e+01
1.901883392149410952e+02 3.213334382974102965e+01 4.707455670774743339e+01
1.902243748303382347e+02 3.196744231500081312e+01 4.703778706770182794e+01
1.903064444323796067e+02 3.195953960584179399e+01 4.719562625549703938e+01
1.901300352896465711e+02 3.220854769531462125e+01 4.736024539877300299e+01
1.899630142787339082e+02 3.246606439003203093e+01 4.751585862424670381e+01
1.896963125033932442e+02 3.229746566045930933e+01 4.730165046962375897e+01
1.893845127314186527e+02 3.194727292469732305e+01 4.676535642543026228e+01
1.895091829089527096e+02 3.173395298333242920e+01 4.662442912210217827e+01
1.900602540854552274e+02 3.216226830989738517e+01 4.719795971551115343e+01
1.902098094359085678e+02 3.245176176773983201e+01 4.739581953417666682e+01
1.899872533796622918e+02 3.244749769260003092e+01 4.724792985504099363e+01
1.900987675769585792e+02 3.254032683641891310e+01 4.734204245615939755e+01
1.903630479396275632e+02 3.231899343069656538e+01 4.731426136055160470e+01
1.903222650523915433e+02 3.208373310168847325e+01 4.709767957000922678e+01
1.901684260817633856e+02 3.215716814159291914e+01 4.698213366632281662e+01
1.901263597372278582e+02 3.210397198544981023e+01 4.693578261577718536e+01
1.901567696400456100e+02 3.197222759107443224e+01 4.683986427059014801e+01
1.900209099299636364e+02 3.163128834355828189e+01 4.655900211737879602e+01
1.897686660513600145e+02 3.113255985666974368e+01 4.611341658070470828e+01
1.896590162332374234e+02 3.078034746728921078e+01 4.580443780878440663e+01
1.898292046256582921e+02 3.057521472392637918e+01 4.573943645149030601e+01
1.895323133720614521e+02 3.070917205059992483e+01 4.576098159509202645e+01
1.891762690699820837e+02 3.077383679895759983e+01 4.570334437265866967e+01
1.892449698680710242e+02 3.102848688853901038e+01 4.593108094902003558e+01
1.895783669037407151e+02 3.155457842445300898e+01 4.648034855312449309e+01
1.898587610619468933e+02 3.201945816819588231e+01 4.692600032575058577e+01
1.898972322058743600e+02 3.209134480699277958e+01 4.693460014115858314e+01
1.897724469298007364e+02 3.186886910255714156e+01 4.666496878223573219e+01
1.896897193115804328e+02 3.161774580596123485e+01 4.648274390574950132e+01
1.896800705792931296e+02 3.149581301916499143e+01 4.635506922199902391e+01
1.899030587979803499e+02 3.189532330745425881e+01 4.672842173842228419e+01
1.907418415766328224e+02 3.187244801563602792e+01 4.716889624843911122e+01
1.911443846028557516e+02 3.168143873174439307e+01 4.729197350561919677e+01
1.912861697160540757e+02 3.114507845159889143e+01 4.699106357565557346e+01
1.911767490091752961e+02 3.067735381942559414e+01 4.668257885878712443e+01
1.911441272598946739e+02 3.050190346924371454e+01 4.651739182366035408e+01
1.915083848200227976e+02 3.039385308648677864e+01 4.671317552527281691e+01
1.917110961507139280e+02 3.076554210326293415e+01 4.708908409794234018e+01
1.918278375590422797e+02 3.106228242575601328e+01 4.735537108420652430e+01
1.920396633910635842e+02 3.097630273087572661e+01 4.739773277593788947e+01
1.921802573429610845e+02 3.090498941310603342e+01 4.744965524729898476e+01
1.916842076117053182e+02 3.218502958901135003e+01 4.785852326402084600e+01
1.917072370921331128e+02 3.342974754329767961e+01 4.864477984689722234e+01
1.918452793311254823e+02 3.386992996362452146e+01 4.889330582550626758e+01
1.916512340517943471e+02 3.344839133503447215e+01 4.851439926163200766e+01
1.912608426081763469e+02 3.279584016504696109e+01 4.782866930886584811e+01
1.914733644606113216e+02 3.228723926380368425e+01 4.751471089635702327e+01
1.917754829252402544e+02 3.253204517074760105e+01 4.773988490146044938e+01
1.919029578152994304e+02 3.328387534610999410e+01 4.820266138226831032e+01
1.918109691079863239e+02 3.321575329822466216e+01 4.809654161463706146e+01
1.912455138715456826e+02 3.236644986155599923e+01 4.736914707638851496e+01
1.902996623052283098e+02 3.176181768825669138e+01 4.642149953852000976e+01
1.899141918670937628e+02 3.165825832021282338e+01 4.612367989575981397e+01
1.901146305445464009e+02 3.179494760844779933e+01 4.630688419566751435e+01
1.903476714262446308e+02 3.193713013735816375e+01 4.645522775394972825e+01
1.903302611433845470e+02 3.221502144524675515e+01 4.659519409305608661e+01
1.904685335794559933e+02 3.226360605896085332e+01 4.682783647320701448e+01
1.907718660079266044e+02 3.235128508605244235e+01 4.720537922797111463e+01
1.911429154677235545e+02 3.286578641620066321e+01 4.780131820402844767e+01
1.914438883761333443e+02 3.327493892176556756e+01 4.820227482490906112e+01
1.915204375916173376e+02 3.303620283403007818e+01 4.814708398935881206e+01
1.913466626852706440e+02 3.287128834355828388e+01 4.774444975297247140e+01
1.913404929692165695e+02 3.288228351159128948e+01 4.768755632770508868e+01
1.914839611270970181e+02 3.313602692871491229e+01 4.786969542320429838e+01
1.916484434551278468e+02 3.344435854280905573e+01 4.812456919485313733e+01
1.917450024431293798e+02 3.351136978120419485e+01 4.816160920788316702e+01
1.914889831152614192e+02 3.329669688908192882e+01 4.790839350670503194e+01
1.912845409631358962e+02 3.295192790053749121e+01 4.753138606873337579e+01
1.911008393506704977e+02 3.279404093599001158e+01 4.730836201748194725e+01
1.910905152288397915e+02 3.275295075737010819e+01 4.719101145556219024e+01
1.911517302785167374e+02 3.282163852543568794e+01 4.725601607036212926e+01
1.913024322710244860e+02 3.310788316412400434e+01 4.766809164449752956e+01
1.912817970573863988e+02 3.299896954232043100e+01 4.771012649980998077e+01
1.911207101362723222e+02 3.264627178457028123e+01 4.741315380856723749e+01
1.911338574298278843e+02 3.292859764373744724e+01 4.762878332157011840e+01
1.914823790650958131e+02 3.377216026928714854e+01 4.841486182746077560e+01
1.920234149519517928e+02 3.415440794831424398e+01 4.889046310874640255e+01
1.921393441554916137e+02 3.369113958412508936e+01 4.860438568869102482e+01
1.918127118736087766e+02 3.308491557630707547e+01 4.794821325804875300e+01
1.918626212063630021e+02 3.308047885335794547e+01 4.797334817308214383e+01
1.922282729789890823e+02 3.354000542917639649e+01 4.845316683859058315e+01
1.923321993593571904e+02 3.382217384222813195e+01 4.857891199305065300e+01
1.921456398284380214e+02 3.321431239480970987e+01 4.799188555296161240e+01
1.918221836147456543e+02 3.226162115207122838e+01 4.721025897171399066e+01
1.917279059666648493e+02 3.205524621314946643e+01 4.696565394429664764e+01
1.916530159074868322e+02 3.239399641674358321e+01 4.716013355773929305e+01
1.914239654704381337e+02 3.276647266409685955e+01 4.743108637819642581e+01
1.913939388674737927e+02 3.290627721374667658e+01 4.754002063087029484e+01
1.915356642597317887e+02 3.267807155654487161e+01 4.758554101742765852e+01
1.914595070307834419e+02 3.255817688256691156e+01 4.745807372821543169e+01
1.915787675769585690e+02 3.287187795211466579e+01 4.777548618274607861e+01
1.927376904283620149e+02 3.303575221238938298e+01 4.844665617025896864e+01
1.932965524729898448e+02 3.302326945002442926e+01 4.883277919539605705e+01
1.933875020359411394e+02 3.259897714316738160e+01 4.862362343232531714e+01
1.934219610185134854e+02 3.213574352570714865e+01 4.844910690048319424e+01
1.936601921928443346e+02 3.221954720668874472e+01 4.861345132743362996e+01
1.936286910255714133e+02 3.241472501221564784e+01 4.866608284923177052e+01
1.929833888919050935e+02 3.238284163092458812e+01 4.826114989956023749e+01
1.923197068244747356e+02 3.212527064444324054e+01 4.780802215103968678e+01
1.918714544763559502e+02 3.176352896465606079e+01 4.733546446604049862e+01
1.917117715402573310e+02 3.152734241815516469e+01 4.711067267495521094e+01
1.913504826537814267e+02 3.197507899451653302e+01 4.719917367935283892e+01
1.910410771485965711e+02 3.242819914219013100e+01 4.725045876540529122e+01
1.909986600792659885e+02 3.239810413160323321e+01 4.723207340246484875e+01
1.911221912155926077e+02 3.199836907541126152e+01 4.709027634507845050e+01
1.911758586242467004e+02 3.190199576524241110e+01 4.700993430696563280e+01
1.910064335740268291e+02 3.207868939681850406e+01 4.707375101797057226e+01
1.911690862696129045e+02 3.272380911015798688e+01 4.757509311037515687e+01
1.912914468755089956e+02 3.314637059558064891e+01 4.795823226016613461e+01
1.912391628210000647e+02 3.268245290189478425e+01 4.765560671046202401e+01
1.910504468212172355e+02 3.174234974754329741e+01 4.695801183560453751e+01
1.914380911015798858e+02 3.088968565068678984e+01 4.652485151202562719e+01
1.915268483631033121e+02 3.050965741896954242e+01 4.626457136652369684e+01
1.916211575004071790e+02 3.054039307237092160e+01 4.625327216461262481e+01
1.917070383842770980e+02 3.038728161137955297e+01 4.619569466311960326e+01
1.917431977848960400e+02 2.988091210163418054e+01 4.584112492534882222e+01
1.914284586568217605e+02 2.946580921874151571e+01 4.578238666594277362e+01
1.912359585210923569e+02 2.935125685433519749e+01 4.577920842608176599e+01
1.911804701666757182e+02 2.928951191704218360e+01 4.586179922905694895e+01
1.911670622726532258e+02 2.937658504804820936e+01 4.594917422227047865e+01
1.908726032900808889e+02 2.944112058200770932e+01 4.581340572235191644e+01
1.903019186709376243e+02 3.019652315543731902e+01 4.597520603724414912e+01
1.903116531842119628e+02 3.060364297736033379e+01 4.624837939084640936e+01
1.903274357999891322e+02 3.061504967696400570e+01 4.627735707693143041e+01
1.903103100059720987e+02 3.022280688419566630e+01 4.609454150605353107e+01
1.902809761659156322e+02 3.028470709593354826e+01 4.604393180954448894e+01
1.901813746674629328e+02 3.095131874694608953e+01 4.639564905803789685e+01
1.903938107389109007e+02 3.175782615777186635e+01 4.697165535588251117e+01
1.905423410608610766e+02 3.175310168847385839e+01 4.707002008795265624e+01
1.904112449101471327e+02 3.119400184591997416e+01 4.653437863076171510e+01
1.902065714751072392e+02 3.042498941310603300e+01 4.592817851131983531e+01
1.900225723437754368e+02 3.021280634127802855e+01 4.551216244095770946e+01
1.900199554807535662e+02 3.037495629513002982e+01 4.550199902274825092e+01
1.900602063087029592e+02 3.094524024105543347e+01 4.585551550029860124e+01
1.901477278896791461e+02 3.109209403333514388e+01 4.594775394972582916e+01
1.901679667734404688e+02 3.102694065910201360e+01 4.586595689233943318e+01
1.909284271675986702e+02 3.054505782072859432e+01 4.624885715836907707e+01
1.913332363320484149e+02 3.067583256420001092e+01 4.672003909007003841e+01
1.913541701503881995e+02 3.106497964058852190e+01 4.714639774146262141e+01
1.913804430207937344e+02 3.171497149682393157e+01 4.770226288072099408e+01
1.915263054454639189e+02 3.247592703186926855e+01 4.834084912318801486e+01
1.918365546446603958e+02 3.253385634399261761e+01 4.819662630978880458e+01
1.919938346272870433e+02 3.187946359737227908e+01 4.768539225799446513e+01
1.919018589499972904e+02 3.171123839513545661e+01 4.739506487865790518e+01
1.919301047831044116e+02 3.224020630870297310e+01 4.768325967750692485e+01
1.921236560073836870e+02 3.281162821000054208e+01 4.812042238992344778e+01
1.920652033226559467e+02 3.278834138661164843e+01 4.802039741571203990e+01
1.917032184157663153e+02 3.186694717411368671e+01 4.712981052174384899e+01
1.911694565394429617e+02 3.073411260111841159e+01 4.604842716759867471e+01
1.909173809653075580e+02 3.054029208968999498e+01 4.577329931049460043e+01
1.909664856941201947e+02 3.101128725772300498e+01 4.606201748194798995e+01
1.907956305988381587e+02 3.155995656658884840e+01 4.663291818231174091e+01
1.907357891307888735e+02 3.192396872794397211e+01 4.704868125305391402e+01
1.909555089852869401e+02 3.201429176393941134e+01 4.730140181334491700e+01
1.911501525598566786e+02 3.193128074271132988e+01 4.746943156523155238e+01
1.913259688365274940e+02 3.224488082957815038e+01 4.773110483739616683e+01
1.911602128237146303e+02 3.305496281014170279e+01 4.813472609805092617e+01
1.911456039958738131e+02 3.341084966610565488e+01 4.831358705684347399e+01
1.911489505402030602e+02 3.362832509908246692e+01 4.839929855040990248e+01
1.913037754492643501e+02 3.399105054563222694e+01 4.869022639665562480e+01
1.914238536294044195e+02 3.444588739888158813e+01 4.909681741679786882e+01
1.920174015961778480e+02 3.423620826320647126e+01 4.903822140181334532e+01
1.922811346978663209e+02 3.370466040501656124e+01 4.864153428524893030e+01
1.922931570660730642e+02 3.342524675606710360e+01 4.836618166024214105e+01
1.923402823171724947e+02 3.324355393886747123e+01 4.821376513382919882e+01
1.923536044302079233e+02 3.273349693251533665e+01 4.786657690428361889e+01
1.918303197784896099e+02 3.286140072750963981e+01 4.768306314132146184e+01
1.916146001411585758e+02 3.353575329822466244e+01 4.802356696889081888e+01
1.918399391932243816e+02 3.415439491829089746e+01 4.851123296595906709e+01
1.919392138552581457e+02 3.390962918725229258e+01 4.837690102611433929e+01
1.916093197241978316e+02 3.343412237363592254e+01 4.789593680438677126e+01
1.916832205874368924e+02 3.357517563385634674e+01 4.791919213855258164e+01
1.922601042401867630e+02 3.438884087083989272e+01 4.873249036321190175e+01
1.928579423421466856e+02 3.473127748520549574e+01 4.925322113035452531e+01
1.927956534013790133e+02 3.408777783810195672e+01 4.878925348824583352e+01
1.922979173679352982e+02 3.334173950811661769e+01 4.798508388077528508e+01
1.923256191975677325e+02 3.355288234974754147e+01 4.816857484119658750e+01
1.926408556381996959e+02 3.456950974537162580e+01 4.905135566534556801e+01
1.928929029806178335e+02 3.527035018187741144e+01 4.965067267495521008e+01
1.926476279928334918e+02 3.448859004289049324e+01 4.900942830772572023e+01
1.918434985612682624e+02 3.321998805581193182e+01 4.776588957055214735e+01
1.908927281611379669e+02 3.314254628372875544e+01 4.714157771866008062e+01
1.905541701503881882e+02 3.387529941907812514e+01 4.746921005483468292e+01
1.905776828275150763e+02 3.464790596666485811e+01 4.798948585699549341e+01
1.907295900971822675e+02 3.478711765025245484e+01 4.818128454313480802e+01
1.908407133937781737e+02 3.455923231445789412e+01 4.809661436560073611e+01
1.910801020685161973e+02 3.439358271350236151e+01 4.809778598186655074e+01
1.913140365926489039e+02 3.474779738313697663e+01 4.839499864270590024e+01
1.913675411260111900e+02 3.520061784027362961e+01 4.870469298007492398e+01
1.913493968185026404e+02 3.527763613659807618e+01 4.870024105543188853e+01
1.913182898094358961e+02 3.490273196156142888e+01 4.842396764210869264e+01
1.913527737662196557e+02 3.468337369021119798e+01 4.821857321244367256e+01
1.916515967207774622e+02 3.513422444215212437e+01 4.862553884575709873e+01
1.919231174330853946e+02 3.548280471252510893e+01 4.893253379662305491e+01
1.919209739942450597e+02 3.538392855203865395e+01 4.887199196481893892e+01
1.917672262337803488e+02 3.499710624898202838e+01 4.849600629784461603e+01
1.911232216732721554e+02 3.535534285248927944e+01 4.836722406210977709e+01
1.908636864107714928e+02 3.599642977360334584e+01 4.860171996308159947e+01
1.907174558879418100e+02 3.641616482979532066e+01 4.871208100331179480e+01
1.904685770128671436e+02 3.650465714751071999e+01 4.862602964330311295e+01
1.903923698354959413e+02 3.652450513057168990e+01 4.853027525924317587e+01
1.903326988435854332e+02 3.662158640534230614e+01 4.853400836093164372e+01
1.902236636082306234e+02 3.691347955915087908e+01 4.859734078940224578e+01
1.903475378685053556e+02 3.726676475378685183e+01 4.891800097725175078e+01
1.906160149845268563e+02 3.789767848417395157e+01 4.943287149139475645e+01
1.908338791465334623e+02 3.826239100928388837e+01 4.978821108637819748e+01
1.909755317878277765e+02 3.832578315869482566e+01 4.978471143927465903e+01
1.908499419078125925e+02 3.829040013030023459e+01 4.955381725392258119e+01
1.908423519192138542e+02 3.838686573646777589e+01 4.951221238938052949e+01
1.909001769911504311e+02 3.846736522069601705e+01 4.962857918453770623e+01
1.911204126174059468e+02 3.876535208208914440e+01 4.992258645963407560e+01
1.908684640859981414e+02 3.899415820620011885e+01 4.976001303002334453e+01
1.904917498235517712e+02 3.863962647266409789e+01 4.922771594549107022e+01
1.900164504044736304e+02 3.784530973451327185e+01 4.838917639394104242e+01
1.897360953363374847e+02 3.748713936695803284e+01 4.797571746566045903e+01
1.897072012595689330e+02 3.773486291329605535e+01 4.809861447418426650e+01
1.896050936532927835e+02 3.821526575818448634e+01 4.865018622075031374e+01
1.895600304033877990e+02 3.834482979532005231e+01 4.891836690374070429e+01
1.896127607361963214e+02 3.814263423638634265e+01 4.889765350996253801e+01
1.896635495955263480e+02 3.809359465769043140e+01 4.891814973668494559e+01
1.898297030240512413e+02 3.838650632499049919e+01 4.922525978609044728e+01
1.901266615994353515e+02 3.863558716542700466e+01 4.948128671480536411e+01
1.903345078451598908e+02 3.885350996253868061e+01 4.968181877409197256e+01
1.904759313752103935e+02 3.908912861718876997e+01 4.988820131386069079e+01
1.905149845268472859e+02 3.950014550192735641e+01 5.020592540311634622e+01
1.903094619686193596e+02 3.972624572452358649e+01 5.029785004614799959e+01
1.903069819208426168e+02 3.971022639665562792e+01 5.022311200390900865e+01
1.903189206797328836e+02 3.947634942179271178e+01 4.999667734404690833e+01
1.904037135566534573e+02 3.918197187686627814e+01 4.988040610239426798e+01
1.903543254248330641e+02 3.893315706607307902e+01 4.964157011781312434e+01
1.904231749823551638e+02 3.912578207285955045e+01 4.971825723437754618e+01
1.904511374124545284e+02 3.990334654432922434e+01 5.005122210760627866e+01
1.904282805798360414e+02 4.069978283294424415e+01 5.047655898800152130e+01
1.903969314295021320e+02 4.109649818122591114e+01 5.068047233834627008e+01
1.903732243878603754e+02 4.153440903414951890e+01 5.083221999022747895e+01
1.901554090884412744e+02 4.139913567511808168e+01 5.062327922254193879e+01
1.900103154351484989e+02 4.137380205222867602e+01 5.037666322818828490e+01
1.900853075628427291e+02 4.206771051631467628e+01 5.081037949942993492e+01
1.902611498995602233e+02 4.323137955372170182e+01 5.148690699820836869e+01
1.902917085618111628e+02 4.335585428090558935e+01 5.153840925131657258e+01
1.902211260111841113e+02 4.261919213855258448e+01 5.098160920788316730e+01
1.905929160106411757e+02 4.143657744720125891e+01 5.020827406482436572e+01
1.908045648515120263e+02 4.098449210054834424e+01 4.993053694554536293e+01
1.909497073673923637e+02 4.068983766762582377e+01 4.970898202942613864e+01
1.908620359411477239e+02 4.020295781529942047e+01 4.931830826863564710e+01
1.904859992399153157e+02 3.935641891525055769e+01 4.856611651012541131e+01
1.897341375753298109e+02 3.887282154297193415e+01 4.824485802703729576e+01
1.892792942070688014e+02 3.848129322981703382e+01 4.796446278299581678e+01
1.889721385525815833e+02 3.846541397470004142e+01 4.783524729898474703e+01
1.887040534230957292e+02 3.834760844779847133e+01 4.767380205222868028e+01
1.885537564471469807e+02 3.811314186437917328e+01 4.746621640697106415e+01
1.877898007492263446e+02 3.833669254574081009e+01 4.755847005809219041e+01
1.874858624246701879e+02 3.881252619577610119e+01 4.790776155057277919e+01
1.874379966339106431e+02 3.919070307834301303e+01 4.818940333351430638e+01
1.874208035181063110e+02 3.933809110157989153e+01 4.838391769368586637e+01
1.873371887724632074e+02 3.897689451110266390e+01 4.812512297084532520e+01
1.872682653781421322e+02 3.873201150985395458e+01 4.774383734187523487e+01
1.874431738965199088e+02 3.908521092350290616e+01 4.789656224550735431e+01
1.877484130517400445e+02 3.992526304359628853e+01 4.848575166947173898e+01
1.879883945925403168e+02 4.027092241706932896e+01 4.877613985558390652e+01
1.881650067864704852e+02 4.018583962212932192e+01 4.880019870785601910e+01
1.884637873934524066e+02 3.942117487377164764e+01 4.847926271784569963e+01
1.883857614419892457e+02 3.892755632770509067e+01 4.822654541506053505e+01
1.883870351267712806e+02 3.882810358868559319e+01 4.815207123079429152e+01
1.886446766925457439e+02 3.908837287583473596e+01 4.849167815842336893e+01
1.888341375753298337e+02 3.946079048808295653e+01 4.880496552472990146e+01
1.892910961507139405e+02 3.941699440794831588e+01 4.913706172973559916e+01
1.894804441066290224e+02 3.921864704924262668e+01 4.919165969922362791e+01
1.896333014821651659e+02 3.942516206091536191e+01 4.947983169553178584e+01
1.900126108909278457e+02 3.989581084749443818e+01 4.999470546718062991e+01
1.901752885607253347e+02 4.008442260709050231e+01 5.019583039252945156e+01
1.895454650089581321e+02 3.972380368098159664e+01 4.955116781584233365e+01
1.889159292035398323e+02 3.918580378956512078e+01 4.883639611270969993e+01
1.886217840273630486e+02 3.916269504316195338e+01 4.873776209349041721e+01
1.884794831424073038e+02 4.001035018187740633e+01 4.915969162278082649e+01
1.884315022531081922e+02 4.043306259840382211e+01 4.948234540420218508e+01
1.883332037569900592e+02 4.003616808730115650e+01 4.924601118410337364e+01
1.882228698626418293e+02 3.931393560996797021e+01 4.871156740322493306e+01
1.878084239100928414e+02 3.922212715131114891e+01 4.840518377762093394e+01
1.874576068190455373e+02 3.926456810901786554e+01 4.823226993865030465e+01
1.874157674140832910e+02 3.929231337206145724e+01 4.826822194473098193e+01
1.870592822628807141e+02 3.933844182637493958e+01 4.816475813019165031e+01
1.866536228894076714e+02 3.942090450078723052e+01 4.810202725446549721e+01
1.865097877192029898e+02 3.946415549161191905e+01 4.808971496823932057e+01
1.865800184591997493e+02 3.975458385362940561e+01 4.829164884087084175e+01
1.866984461697160498e+02 4.016931212335088475e+01 4.864201531027742931e+01
1.868776209349041721e+02 4.052840979423421430e+01 4.888343884032791919e+01
1.869825126228351166e+02 4.063879689451110266e+01 4.896439220370270107e+01
1.871203789565122975e+02 4.056561485422661661e+01 4.901463163038167181e+01
1.872179043379119321e+02 4.046491449047179856e+01 4.900205765785330669e+01
1.874017547098105183e+02 4.069478256148542528e+01 4.919967424941636125e+01
1.876376849991856375e+02 4.103452630435963044e+01 4.935235354796677143e+01
1.877992312286226309e+02 4.130774960638471072e+01 4.953725500841522233e+01
1.878043465986209810e+02 4.118925783158694998e+01 4.947196373310168838e+01
1.877316064932949757e+02 4.083189641131440339e+01 4.915391606493295029e+01
1.876587523752646689e+02 4.064504044736413135e+01 4.896661925185949116e+01
1.878050361040230314e+02 4.088300450621640891e+01 4.910025517129051309e+01
1.882477061729735510e+02 4.141613008306639898e+01 4.958039958738259401e+01
1.884226570389271842e+02 4.165525381399641702e+01 4.977547315272273210e+01
1.884678679624300912e+02 4.158836310331722785e+01 4.978644768988544200e+01
1.886027363049025496e+02 4.192865084966610567e+01 5.008910364297736351e+01
1.889348694283077350e+02 4.256204788533579375e+01 5.060938596014984370e+01
1.892001444160920869e+02 4.299020467995005390e+01 5.102489494543677750e+01
1.893026787556327690e+02 4.269992073402465138e+01 5.093600955535045216e+01
1.892708105760356148e+02 4.218722406210977738e+01 5.055352950757369968e+01
1.892073858515663289e+02 4.206102068516206316e+01 5.046163201042401880e+01
1.894588077528638905e+02 4.237195396058417884e+01 5.066546392312286429e+01
1.897452109235028956e+02 4.258803626689831390e+01 5.084076659970682499e+01
1.897698669851783393e+02 4.230961615722895175e+01 5.063684564851511993e+01
1.896348314240729565e+02 4.184161898040067484e+01 5.021530810576035719e+01
1.893196449318638486e+02 4.139979912047342481e+01 4.979164015418861311e+01
1.891393256962918770e+02 4.109304088169824354e+01 4.961342743905749586e+01
1.888342309571638111e+02 4.108848471686845016e+01 4.952080677561213662e+01
1.886438395135457995e+02 4.090049948422824144e+01 4.934190129757315901e+01
1.887603843856886954e+02 4.065613659807807068e+01 4.926561485422661235e+01
1.889403051197133436e+02 4.070828383734187383e+01 4.933358814267875658e+01
1.886301916499267008e+02 4.113053803138063813e+01 4.954547478147564732e+01
1.883525185949291370e+02 4.117139366958032554e+01 4.951203865573592822e+01
1.880822281339920607e+02 4.091133937781638252e+01 4.923371518540637481e+01
1.879460057549269720e+02 4.053696291872523005e+01 4.894480264943808123e+01
1.878225842879635081e+02 4.038555513328628166e+01 4.882017807698571943e+01
1.875830131928986475e+02 4.064737064987241411e+01 4.882559748086215023e+01
1.874238460285574774e+02 4.080567240349638780e+01 4.881127422769965563e+01
1.873155339594983388e+02 4.075333622889407792e+01 4.868896357022639876e+01
1.872028763776534959e+02 4.063625603995873803e+01 4.854405233726043889e+01
1.871679396275584963e+02 4.040552038655735601e+01 4.835794342798197221e+01
1.874139453824854797e+02 3.982391117867419439e+01 4.819329931049459503e+01
1.876169086269612762e+02 3.949979043379119048e+01 4.810771485965579330e+01
1.877820250827949451e+02 3.949667191487051099e+01 4.821249796405885490e+01
1.878221836147456543e+02 3.979452413268906952e+01 4.842473967099191157e+01
1.881270199250773771e+02 4.034038547152397314e+01 4.893798686139312792e+01
1.882571171073348069e+02 4.076199467940713106e+01 4.932730984309679911e+01
1.880431434931320780e+02 4.055081166187089536e+01 4.913570443563711621e+01
1.877874357999891402e+02 4.007742657038927092e+01 4.875582062001194572e+01
1.876972984418263763e+02 4.004186872251479201e+01 4.867026765839622016e+01
1.877795721809001463e+02 4.060802432271024287e+01 4.909368043867745257e+01
1.878430077637222553e+02 4.134313154894402231e+01 4.955627992833487383e+01
1.879015060535316763e+02 4.163134046365166085e+01 4.969814430750854939e+01
1.877452771594549006e+02 4.133875237526467572e+01 4.939541234594712193e+01
1.875240545089309876e+02 4.062782452901894459e+01 4.880511211249253734e+01
1.871662392095119287e+02 4.009959606927628784e+01 4.827598023779792413e+01
1.869903990444649651e+02 4.041532656496009679e+01 4.838973125576850265e+01
1.869717834844454103e+02 4.110276453661979446e+01 4.883138063955698271e+01
1.870657125794016906e+02 4.138394158206200046e+01 4.908955317878277924e+01
1.869423910092838810e+02 4.133698789293664078e+01 4.899536456919485516e+01
1.868651175416689227e+02 4.141883055540474601e+01 4.900672674955209374e+01
1.868940952277539509e+02 4.156402301970791058e+01 4.912368206743037291e+01
1.870442434442695117e+02 4.178844454096313399e+01 4.938721537542754447e+01
1.871482132580487416e+02 4.201874911775883703e+01 4.956847385851566656e+01
1.872282936098593780e+02 4.234017373364460468e+01 4.974586351050545829e+01
1.871757717574243998e+02 4.246361800314892321e+01 4.981650795374341811e+01
1.866971181931700983e+02 4.274753352516422922e+01 4.951741462620120870e+01
1.859303490960421357e+02 4.280125848308811243e+01 4.903893696726206741e+01
1.849243313969270730e+02 4.298438243118518898e+01 4.862151691188446989e+01
1.845461903469243623e+02 4.327097670883326685e+01 4.867581301916499115e+01
1.848005233726043741e+02 4.390722623378033518e+01 4.915519517889136125e+01
1.849526499809978759e+02 4.380945979694880066e+01 4.934718388620446206e+01
1.850941310603181478e+02 4.333731581519083420e+01 4.927379988055812277e+01
1.851954557793582694e+02 4.322805038275693335e+01 4.933714316738150529e+01
1.854128790922416954e+02 4.379845159889244854e+01 4.987369455453607969e+01
1.853856289700852358e+02 4.473698246376024912e+01 5.045324176122482385e+01
1.850950779086812474e+02 4.525663499647103549e+01 5.061637113849828751e+01
1.850912981160757909e+02 4.489705412888864799e+01 5.043380096639339882e+01
1.851498941310603072e+02 4.463270318692654115e+01 5.026683533307997465e+01
1.850087518323470306e+02 4.473185189206797219e+01 5.023306911341549608e+01
1.849501102122808049e+02 4.475470655301590739e+01 5.023238720886041619e+01
1.852738910907215484e+02 4.454637493892176536e+01 5.013121667842987961e+01
1.854411346978663460e+02 4.439612899723112349e+01 5.004977360334437009e+01
1.852379097670883255e+02 4.393962973016993345e+01 4.955195613225473750e+01
1.851101330148216562e+02 4.305780878440740622e+01 4.878408165481296521e+01
1.848005342309571688e+02 4.236758347358705379e+01 4.825920625441120393e+01
1.846282469189424091e+02 4.250146587762636585e+01 4.827216352679298694e+01
1.847123448612845493e+02 4.264375699006460962e+01 4.847548726858135382e+01
1.850874998642705975e+02 4.265542429013518699e+01 4.869206580161789333e+01
1.851674542591888724e+02 4.237433736902112003e+01 4.858413594657690737e+01
1.852136988978771797e+02 4.196067321787285209e+01 4.836243661436559904e+01
1.852599001031543651e+02 4.173671643411694276e+01 4.823527770237254941e+01
1.853583951354579540e+02 4.203305934089798512e+01 4.852557250665073951e+01
1.855323774363428981e+02 4.240878006406428113e+01 4.892202182528910015e+01
1.856365763613659681e+02 4.257999239915304912e+01 4.912437700200879220e+01
1.856702861175959640e+02 4.241375210380585514e+01 4.899860252999619803e+01
1.858406525870025519e+02 4.207045550789945310e+01 4.885540040175905574e+01
1.859946153428524838e+02 4.166028666051359863e+01 4.867975894456810693e+01
1.861043737445029649e+02 4.147632336174602585e+01 4.854523915522015187e+01
1.860914425321678607e+02 4.119789565122970743e+01 4.833413757532981947e+01
1.860570106954774872e+02 4.094088712742276925e+01 4.806150605353168004e+01
1.852143677724089343e+02 4.100458005320592747e+01 4.774190781258483440e+01
1.844737825071936470e+02 4.112873120147673944e+01 4.746868016721863626e+01
1.842871447961344131e+02 4.129639285520386238e+01 4.755957326673543406e+01
1.843988218687225071e+02 4.183168467343504204e+01 4.784035072479505146e+01
1.843731863836256082e+02 4.218423475758727648e+01 4.805179108529235776e+01
1.841414723926380361e+02 4.277592703186926570e+01 4.822931538085672543e+01
1.841436983549595539e+02 4.325258700255171362e+01 4.840992779195396167e+01
1.843278125848308946e+02 4.312002171670557260e+01 4.840017807698571772e+01
1.841441185732124382e+02 4.216776263640805666e+01 4.765114392746620098e+01
1.836469710624898255e+02 4.127846245724523300e+01 4.680218361474564404e+01
1.835833574026820258e+02 4.057674032249308027e+01 4.655363591943102364e+01
1.840153341658070474e+02 4.038253868288180826e+01 4.683307888593300561e+01
1.845988468429339378e+02 4.054397524295564637e+01 4.730820674303708273e+01
1.848721863293338288e+02 4.068412400238883464e+01 4.755032086432488114e+01
1.847091297030240469e+02 4.040573755361311470e+01 4.731018947825614873e+01
1.845814615342852392e+02 4.026643031652098159e+01 4.720886801672186550e+01
1.845943840599381076e+02 4.027693034366686220e+01 4.731056083392149247e+01
1.844689657418969659e+02 4.046295455779358008e+01 4.744942722189043849e+01
1.841907432542483321e+02 4.045181171616265914e+01 4.737171724849340393e+01
1.842382333460014081e+02 4.019497909767088117e+01 4.728100982680927444e+01
1.841848102502850395e+02 3.996735436234322947e+01 4.691554264618057601e+01
1.840837982518052058e+02 3.983178999945707943e+01 4.664669526032901103e+01
1.841014756501438683e+02 3.963436125739725213e+01 4.645670231825832275e+01
1.841681567946142479e+02 3.956694174493729577e+01 4.636422281339920914e+01
1.840514837939084600e+02 3.952069927791954029e+01 4.626485476953146048e+01
1.843259362614691383e+02 3.956273630490254334e+01 4.663803789565123026e+01
1.846736174602312701e+02 3.988514685922145731e+01 4.718970085238069601e+01
1.848129551007112354e+02 4.015954612085346298e+01 4.746374938921765363e+01
1.848124295564362853e+02 4.012568109017861673e+01 4.744767468375047770e+01
1.847906042673326397e+02 4.003634399261631671e+01 4.745206688745317081e+01
1.846480330093924636e+02 4.026483631033172372e+01 4.748728704055594818e+01
1.847259351756338503e+02 4.105150225310820389e+01 4.791754275476409930e+01
1.850778934795591510e+02 4.162944568109018206e+01 4.843528313154894249e+01
1.851971768282751611e+02 4.161224713610945258e+01 4.846242358434225395e+01
1.850608328356588288e+02 4.151595743525707150e+01 4.832388294695694952e+01
1.854231130897442767e+02 4.175563928552038817e+01 4.859096042130408932e+01
1.860243064227156822e+02 4.237456539442966630e+01 4.924800369183994775e+01
1.864212888864759350e+02 4.305903903577826952e+01 4.979913024594169002e+01
1.865616743579998911e+02 4.306708181768825483e+01 4.985015038818611544e+01
1.864664943808024304e+02 4.250317281068461739e+01 4.937873391606493101e+01
1.866681405070850701e+02 4.181519300722080601e+01 4.887495846680058520e+01
1.867725739725283631e+02 4.218472338346273176e+01 4.902700472338346316e+01
1.869420370269830016e+02 4.291458602529996114e+01 4.953542754764102085e+01
1.870532558770834441e+02 4.300010098268092662e+01 4.959416254954123104e+01
1.867570182963244463e+02 4.210848254519789435e+01 4.886028883218416041e+01
1.859400803518106216e+02 4.145648080786144618e+01 4.797838210543460491e+01
1.856060926217492693e+02 4.144551387154568545e+01 4.778478636190889972e+01
1.856754948694283200e+02 4.232921765568163153e+01 4.840231391497909641e+01
1.861087409739942586e+02 4.333883815625169689e+01 4.929075628427167288e+01
1.863863369346869945e+02 4.451425593137521020e+01 5.019950703078342968e+01
1.872611390412074570e+02 4.525696509039578785e+01 5.115275965036104111e+01
1.874470915902057584e+02 4.409126554101742812e+01 5.056746728921222456e+01
1.870962810141701596e+02 4.316335088767034023e+01 4.978106194690265340e+01
1.872472218904392207e+02 4.373121450675932209e+01 5.026504370486997431e+01
1.874561159672077792e+02 4.457322004451924613e+01 5.089008740973994094e+01
1.873171323090287217e+02 4.461152179814322238e+01 5.075082469189423762e+01
1.871128421738422389e+02 4.393594440523372668e+01 5.015170204679949961e+01
1.864961224822194481e+02 4.334345838536294337e+01 4.946682230305662387e+01
1.860648113361203002e+02 4.333110700906672719e+01 4.929301590748683282e+01
1.859542624463868776e+02 4.363487702915467992e+01 4.947538954340626560e+01
1.857392572886693074e+02 4.379692057114935722e+01 4.950722840545089554e+01
1.856090688962484307e+02 4.381539714425321819e+01 4.952604158749117857e+01
1.857135425375970499e+02 4.437422661382268529e+01 5.003211900754655517e+01
1.859433888919051014e+02 4.562126499809978952e+01 5.098152668440197743e+01
1.861597665454150672e+02 4.655483685324936260e+01 5.169997176828275087e+01
1.861430924588739799e+02 4.672129865899343315e+01 5.173144036049730943e+01
1.860752755307019868e+02 4.630810250285031771e+01 5.136186655084424046e+01
1.859456995493783609e+02 4.590845865682175742e+01 5.100386340192192591e+01
1.858696856506867903e+02 4.529115261414843019e+01 5.054084043650578195e+01
1.859057581844834033e+02 4.462881481079320167e+01 5.014009555350452985e+01
1.864715988924480143e+02 4.379603995873826250e+01 4.977215375427547883e+01
1.866888169824637487e+02 4.294840327922253920e+01 4.925433954069167442e+01
1.867173701069547747e+02 4.182198599272490469e+01 4.847194527390195162e+01
1.868595320049948327e+02 4.068411965904772387e+01 4.780211086378196228e+01
1.870270894185352120e+02 4.002774526304359881e+01 4.746851186275041812e+01
1.868764428036267020e+02 3.958597643737444827e+01 4.730019653618546016e+01
1.868446213149465223e+02 3.908761496281014303e+01 4.711863184754872691e+01
1.871271578261577702e+02 3.930776697974917511e+01 4.743131983278136943e+01
1.874027178457027958e+02 4.025195721809001270e+01 4.819163255334165541e+01
1.875493577284325966e+02 4.127057820728595772e+01 4.898986698517834526e+01
1.879088419566751611e+02 4.179823768934252826e+01 4.950692002823171833e+01
1.879969661762310693e+02 4.171617785981866433e+01 4.945932678212714961e+01
1.879317541668928868e+02 4.152174059395189687e+01 4.932461371409956996e+01
1.879824605027417306e+02 4.172380693848742794e+01 4.945568489060209316e+01
1.880563439926163198e+02 4.174949671534827900e+01 4.951827135023616933e+01
1.881466833161409511e+02 4.129361528856072283e+01 4.910478527607362054e+01
1.881332482762364862e+02 4.096700363754818142e+01 4.878993539280091341e+01
1.879451077691514058e+02 4.079581627667082699e+01 4.851391389326239079e+01
1.878435680547260915e+02 4.060673760790488274e+01 4.833159889244801377e+01
1.878658776263640675e+02 4.083053260220424363e+01 4.843768065584450966e+01
1.880704533362288942e+02 4.105939953309083279e+01 4.881689776860849861e+01
1.880770877897822970e+02 4.125400836093164969e+01 4.910913513220044280e+01
1.878585417232205828e+02 4.183092241706933123e+01 4.939113524078397433e+01
1.881064889516260337e+02 4.262076551387154666e+01 5.008275693577284216e+01
1.882572072316629601e+02 4.324767251207991592e+01 5.056638579727455607e+01
1.885590238340843712e+02 4.333644171779140919e+01 5.073603344372658341e+01
1.884786687659482141e+02 4.364898094359085690e+01 5.090826646397741229e+01
1.883421260654758669e+02 4.446471469678049715e+01 5.140902654867256416e+01
1.885688072099462431e+02 4.509504207611705340e+01 5.195612899723111866e+01
1.886691427330474085e+02 4.481057060643900058e+01 5.180866387968944764e+01
1.890908854986698486e+02 4.336937510179705413e+01 5.066458439654704193e+01
1.888658233346001509e+02 4.257198653564254442e+01 4.979596503610402181e+01
1.889608132906238041e+02 4.237783050111298166e+01 4.961995222324773636e+01
1.891159541777512345e+02 4.250302730875726098e+01 4.976146153428524599e+01
1.891784298821868617e+02 4.269900537488462788e+01 4.988531624952494781e+01
1.888478614474184383e+02 4.263666105651772398e+01 4.978060372441500903e+01
1.885247396709919201e+02 4.222433248276236384e+01 4.947230902872034619e+01
1.881745849394646939e+02 4.209511482708073515e+01 4.927586513925837153e+01
1.878034486128454432e+02 4.220706118681795971e+01 4.909724523589771650e+01
1.876614419892502212e+02 4.249771323090287467e+01 4.925768065584450994e+01
1.875859026005754799e+02 4.283479667734404472e+01 4.952841522341061165e+01
1.874295955263586393e+02 4.253188555296161866e+01 4.932947282697215030e+01
1.871497953200499467e+02 4.195634833595743629e+01 4.881612682556055915e+01
1.870788044953580425e+02 4.189370432705358382e+01 4.874861936044302269e+01
1.873770367555241876e+02 4.278143113089744531e+01 4.942141050002714309e+01
1.876420077094304872e+02 4.398498724143547634e+01 5.053735599109614895e+01
1.878855811933329676e+02 4.457393018079157088e+01 5.121113198327813620e+01
1.880698539551549970e+02 4.492005212009338067e+01 5.155962647266409959e+01
1.883624474727184008e+02 4.538479287692057085e+01 5.207809978826212216e+01
1.886283598458113886e+02 4.599383679895759514e+01 5.268109126445518342e+01
1.892947565014387408e+02 4.584820782887236135e+01 5.247808132906238399e+01
1.894175601281285708e+02 4.537284108800695037e+01 5.197324393289537880e+01
1.893905564905803658e+02 4.489679678592757739e+01 5.147904880829577934e+01
1.894387198002063144e+02 4.479824203268363902e+01 5.137746348878874869e+01
1.894681578804495246e+02 4.534132037569900575e+01 5.164681361637439494e+01
1.897105890656387430e+02 4.555031326347793197e+01 5.194327053585971044e+01
1.900766425973179992e+02 4.574302513708670404e+01 5.226571366523698003e+01
1.903192648895162620e+02 4.574088061241109671e+01 5.246187306585591159e+01
1.902188870188392400e+02 4.527923991530484926e+01 5.212000542917639478e+01
1.900571127639937004e+02 4.457134154948694515e+01 5.159872088604159046e+01
1.900681958846842861e+02 4.429928226288072324e+01 5.139550029860470204e+01
1.900830609696509157e+02 4.443338509148162530e+01 5.153515608882132426e+01
1.902893740159617835e+02 4.469746348878874898e+01 5.180855746783213078e+01
1.904452880178077123e+02 4.488981595092024435e+01 5.198805364026276976e+01
1.903465486725663709e+02 4.473489766002497703e+01 5.180405559476627531e+01
1.901631880123785265e+02 4.434704815679461376e+01 5.145855692491448963e+01
1.900772256908626900e+02 4.424754004017590603e+01 5.136322167327216448e+01
1.900660991367609540e+02 4.454770508713828292e+01 5.152732613062598688e+01
1.900776046473749830e+02 4.485348607416254652e+01 5.173580758998859608e+01
1.900882447472718297e+02 4.501213312340517803e+01 5.181206362994733894e+01
1.903273293881318295e+02 4.513400293175525491e+01 5.195715619740485636e+01
1.903831662956729360e+02 4.514310331722677461e+01 5.201637982518052183e+01
1.902783593028937617e+02 4.479579781747109024e+01 5.179577827243607402e+01
1.899706976491666239e+02 4.465206580161789418e+01 5.162287420598295284e+01
1.896589988598729519e+02 4.496206200119441831e+01 5.172109886530213174e+01
1.893247277268038431e+02 4.545197567728975230e+01 5.181114284163092520e+01
1.893738400564634219e+02 4.596655627341332462e+01 5.201821271513111355e+01
1.892867267495520878e+02 4.594812639122645237e+01 5.190925783158694884e+01
1.891750138443998139e+02 4.554748466257668582e+01 5.160856072533796635e+01
1.889212812856289645e+02 4.525226668114446937e+01 5.127887941799229310e+01
1.884184135946576930e+02 4.564479613442640726e+01 5.126902329116673229e+01
1.881069048265378001e+02 4.599940930560833863e+01 5.130338454856398300e+01
1.881835517671969171e+02 4.635002877463488602e+01 5.150266029643302801e+01
1.881089440251913913e+02 4.621263586513925503e+01 5.134575709864813575e+01
1.878090124328139439e+02 4.590498941310602987e+01 5.102252130951734443e+01
1.882066192518594789e+02 4.574686465063249585e+01 5.131536891253596622e+01
1.888901330148216573e+02 4.635560671046201975e+01 5.214752266681144732e+01
1.891392627178456962e+02 4.644111732450187446e+01 5.234983549595526142e+01
1.891491492480590750e+02 4.552615017101905437e+01 5.172085998154079789e+01
1.890844367229491354e+02 4.442713936695803056e+01 5.106611542429013184e+01
1.886854270047233797e+02 4.470674846625767174e+01 5.100884087083989016e+01
1.882736923828655051e+02 4.525870025517129136e+01 5.116713936695803255e+01
1.881337488463000227e+02 4.561910418589499727e+01 5.132497529724740559e+01
1.882548335957435199e+02 4.533212335088767020e+01 5.124426516097508255e+01
1.884843389977740458e+02 4.455413974700037727e+01 5.078238558010749415e+01
1.891920071665128376e+02 4.316037135566534744e+01 5.026208914707638797e+01
1.897658939138932510e+02 4.291418209457625466e+01 5.044635213638090931e+01
1.900323763505076329e+02 4.355125468266464139e+01 5.094884412834573340e+01
1.901773820511428426e+02 4.382673869374016107e+01 5.121156197404853572e+01
1.901663401921928482e+02 4.310251913784679090e+01 5.072752701015255639e+01
1.895193159237743714e+02 4.269301264998100010e+01 5.017118844671263389e+01
1.889575253813996483e+02 4.287686410771485868e+01 5.001098322384494566e+01
1.887513838970628228e+02 4.321819751343721094e+01 5.017267495520929543e+01
1.887485498669851722e+02 4.329467940713394114e+01 5.021914761930614901e+01
1.888747119821923093e+02 4.336569629187252417e+01 5.031771974591454466e+01
1.890522004451924545e+02 4.341632119007546464e+01 5.047970899614528406e+01
1.891549921276942428e+02 4.372060806775612463e+01 5.070074271133069033e+01
1.893000434334111617e+02 4.382187958086758073e+01 5.088690808404365384e+01
1.894404321624409704e+02 4.403519300722080487e+01 5.108606547586730784e+01
1.895066692002823174e+02 4.416689288234974953e+01 5.121068896248439017e+01
1.897491785656116008e+02 4.388936532927954914e+01 5.107995222324773010e+01
1.897701938215972746e+02 4.363008958141050186e+01 5.096519572180900326e+01
1.897950811661870887e+02 4.379354688093815895e+01 5.105028828926651840e+01
1.897264075139801207e+02 4.422297301699332195e+01 5.132110863781964127e+01
1.898604419349584589e+02 4.439496498181225803e+01 5.148818394049622782e+01
1.897471426244638621e+02 4.439684564851511794e+01 5.134176882566914912e+01
1.896800401759053045e+02 4.445648732287312299e+01 5.125331125468266436e+01
1.895954601226993930e+02 4.455432868233889110e+01 5.120937293012649860e+01
1.896131125468266418e+02 4.460706010098267882e+01 5.123080623269449774e+01
1.896634681578804589e+02 4.482339323524621477e+01 5.137489657418969813e+01
1.896121700418046601e+02 4.505109506487865900e+01 5.145188989630273113e+01
1.895143058797980302e+02 4.467099299636245036e+01 5.118980400673218156e+01
1.894438938053097274e+02 4.422743471415386551e+01 5.086925348824583182e+01
1.892380335523101280e+02 4.403291492480590819e+01 5.066295130028774452e+01
1.891924979640588447e+02 4.416844019762201867e+01 5.062897442857918406e+01
1.892574819479884809e+02 4.391926271784570446e+01 5.078864867799554617e+01
1.891765850480482243e+02 4.366107932026711325e+01 5.070863239046636295e+01
1.885951115695748967e+02 4.337162603832998542e+01 5.034493077800097893e+01
1.883296715348281793e+02 4.352710353439383084e+01 5.039312123350887873e+01
1.884091449047179481e+02 4.386613496932515233e+01 5.069760138986915621e+01
1.882255757641565879e+02 4.447471958303925277e+01 5.092172756392854893e+01
1.880451077691514286e+02 4.465252185243498673e+01 5.096582007709430684e+01
1.880255790216624234e+02 4.464233780335523250e+01 5.091971876866279700e+01
1.880916803300939364e+02 4.474245073022422758e+01 5.104115315706606992e+01
1.881646777783810194e+02 4.522088495575221145e+01 5.134944025191378358e+01
1.883122764536619798e+02 4.554646397741462494e+01 5.158477984689722717e+01
1.884149280634127877e+02 4.569323198870731062e+01 5.170443129377273550e+01
1.883483164124002371e+02 4.561462620120527589e+01 5.161064444323795897e+01
1.882724436722949122e+02 4.549262826429230699e+01 5.145337531896411321e+01
1.882053976871708585e+02 4.550711547858190187e+01 5.147178348444541029e+01
1.888810565177262504e+02 4.524184809164449916e+01 5.167400944676692376e+01
1.892083880775286389e+02 4.497132526195775881e+01 5.169608230631413193e+01
1.894686497638308253e+02 4.482124871057060744e+01 5.176220641728649952e+01
1.897989858298496131e+02 4.500145176176773987e+01 5.197929094956295160e+01
1.900232889950594597e+02 4.543716379825180240e+01 5.234540094467669036e+01
1.900186351050545568e+02 4.523695097453716585e+01 5.232112818285465750e+01
1.898478516749009088e+02 4.474719583039252768e+01 5.196683967642108826e+01
1.897000846951517588e+02 4.472649329496715609e+01 5.179683804766816735e+01
1.896985395515500272e+02 4.508464194581681994e+01 5.204065258700255470e+01
1.896790379499429946e+02 4.512095662088061232e+01 5.208279059666648436e+01
1.895108681253053931e+02 4.528796677344046628e+01 5.209294532819371426e+01
1.892850860524458483e+02 4.520760519029263236e+01 5.192966827732232815e+01
1.891842933926923251e+02 4.505962538682882013e+01 5.179939301807915797e+01
1.892437548183940521e+02 4.495819317009609506e+01 5.178649220913187179e+01
1.893203279222541937e+02 4.517313426353221928e+01 5.188045605081708800e+01
1.891862131494652317e+02 4.546058852272110329e+01 5.187736250610782207e+01
1.890587773494760881e+02 4.547057712145067399e+01 5.167408111189532605e+01
1.892016113795537251e+02 4.542007709430479423e+01 5.166237037841359125e+01
1.894187599761116303e+02 4.582555839079211779e+01 5.199332754221184416e+01
1.894190140615668554e+02 4.628660187849503416e+01 5.222009663933981471e+01
1.891555817362506104e+02 4.675709104728812804e+01 5.239856343992616416e+01
1.890729409848526075e+02 4.712361040230197062e+01 5.254039198653564569e+01
1.890064498615560069e+02 4.727423095716380175e+01 5.257883055540474260e+01
1.889747336988978645e+02 4.724599489657418872e+01 5.251227319615614419e+01
1.889663847114392752e+02 4.731318312611976751e+01 5.256036484065367631e+01
1.887487540040175986e+02 4.733466637711059377e+01 5.240552798740431228e+01
1.883169075411259996e+02 4.720498506976491626e+01 5.212259623215157944e+01
1.878175948748574910e+02 4.680104023019708137e+01 5.163933329713882614e+01
1.876195624083826488e+02 4.658436397198544654e+01 5.138686139312666512e+01
1.878135968293609892e+02 4.670182311743308645e+01 5.151004506216406753e+01
1.878128617188772580e+02 4.689557196373310433e+01 5.204166349964710037e+01
1.879864183723329063e+02 4.694622509365328966e+01 5.243464900374613080e+01
1.881552907323958834e+02 4.684363320484282411e+01 5.260885715836907650e+01
1.881643628861501725e+02 4.651673272164612882e+01 5.239368369618328813e+01
1.878270666159943403e+02 4.612343666865736225e+01 5.208819805635484812e+01
1.880980216081220533e+02 4.534750095010586790e+01 5.171088115532873530e+01
1.884223736359194277e+02 4.515359682936098551e+01 5.172685379227971225e+01
1.886910190564091465e+02 4.540353765133829000e+01 5.194925457408110958e+01
1.888390412074488438e+02 4.532178511319833092e+01 5.193739073782506921e+01
1.888473152722731925e+02 4.436577121450675776e+01 5.134945545360768904e+01
1.881668114447038249e+02 4.369761224822194379e+01 5.032050491340463338e+01
1.879735924860198679e+02 4.349107117650252263e+01 5.006439437537325432e+01
1.880730484825452038e+02 4.399180085780987071e+01 5.033039578695911587e+01
1.884051989793148323e+02 4.453780118356045392e+01 5.076499158477658824e+01
1.887851794342798257e+02 4.483447418426624864e+01 5.106216298387534636e+01
1.887119485314077849e+02 4.505108529236115089e+01 5.120015093110374949e+01
1.885833845485639699e+02 4.549624843911178829e+01 5.145342418155166087e+01
1.888160410445735522e+02 4.630920245398773005e+01 5.218466366252239652e+01
1.891051750909387010e+02 4.694881046745208408e+01 5.271223410608610749e+01
1.892275183234703206e+02 4.700515554590368339e+01 5.277053911721591817e+01
1.896131038601444061e+02 4.643962104348770481e+01 5.249917042184700477e+01
1.897476203919865441e+02 4.641880883869917085e+01 5.240514360171562203e+01
1.899950844236929299e+02 4.674372441500624120e+01 5.261259351756338276e+01
1.902026364080568896e+02 4.689625603995873604e+01 5.280592540311634764e+01
1.903536011727020991e+02 4.689225147945056449e+01 5.282592757478690260e+01
1.902668168738802308e+02 4.696155925946033705e+01 5.268523155437320327e+01
1.900790683533307970e+02 4.701154568651935506e+01 5.253849720397415979e+01
1.900508301210706463e+02 4.690996796785927359e+01 5.242590368641076992e+01
1.898592844345512844e+02 4.663413431782398533e+01 5.208267224062110046e+01
1.895224496443889564e+02 4.636414789076496845e+01 5.180537271295944635e+01
1.899581866550844325e+02 4.583969270861610568e+01 5.193388674738041999e+01
1.902927075302676485e+02 4.550937510179705470e+01 5.201817471089635347e+01
1.901748781149899514e+02 4.504322493077800260e+01 5.174979857755578649e+01
1.897206558445083999e+02 4.425321787284868691e+01 5.097801617894565140e+01
1.891604669091698838e+02 4.341980672132037711e+01 5.031794994299364987e+01
1.885912763993702015e+02 4.389510614039850367e+01 5.042282968673652022e+01
1.884654454639231176e+02 4.473530701992508085e+01 5.101891307888593019e+01
1.883737597046527981e+02 4.480525978609045268e+01 5.107885987295727404e+01
1.879681633096259361e+02 4.426689939736142065e+01 5.048466800586351155e+01
1.878809783375861855e+02 4.402154731527227227e+01 5.034729029806178602e+01
1.870684391117867449e+02 4.515477821814430825e+01 5.073762310657473051e+01
1.869074868342472371e+02 4.601788479287692013e+01 5.126949997285412053e+01
1.868488582442043651e+02 4.639871437102991791e+01 5.144793528421738671e+01
1.868378641620066105e+02 4.661342526738693692e+01 5.162259731798685891e+01
1.868554090884412915e+02 4.681294967153483100e+01 5.173839187795211814e+01
1.879363809110157888e+02 4.613538845757098983e+01 5.181798143221673314e+01
1.884135588251262163e+02 4.575935935718551661e+01 5.172519137846788340e+01
1.887563059883815697e+02 4.582730115641457047e+01 5.195755469895216550e+01
1.893098582984961240e+02 4.596790488082957893e+01 5.226893859601498349e+01
1.894636060589608633e+02 4.560727835387371698e+01 5.211640262772137788e+01
1.893637537325587630e+02 4.525327216461262481e+01 5.162433356859764189e+01
1.897426722406210899e+02 4.575359248601986906e+01 5.198315652315543645e+01
1.903081991421901193e+02 4.667849937564471219e+01 5.284164938378847864e+01
1.905843335685976569e+02 4.674268635647972303e+01 5.294863021879580600e+01
1.903473988815896689e+02 4.589044899288777657e+01 5.223575872740105552e+01
1.903400228025408580e+02 4.478975948748574609e+01 5.160377762093490617e+01
1.901652739019490639e+02 4.461595200608067557e+01 5.155219827352190975e+01
1.902866246810358746e+02 4.502214669634616229e+01 5.197862533253705664e+01
1.904330452250393648e+02 4.546212932298170273e+01 5.230332808512948617e+01
1.905418111732450086e+02 4.537761659156306138e+01 5.233241218307183118e+01
1.904080319235571892e+02 4.478333134263532145e+01 5.203344589825723432e+01
