1.859217511185710521e+02 3.277679168195226822e+01 5.026600800379250700e+01
1.858656785048419806e+02 3.278231041246836241e+01 5.027212391974765637e+01
1.863506818634865851e+02 3.259582271716862323e+01 5.032348940561203676e+01
1.866169084723276228e+02 3.251395889555033847e+01 5.032998641465943734e+01
1.870266455264696503e+02 3.228880993421746837e+01 5.016774545326626367e+01
1.872130084242512567e+02 3.227762087351562315e+01 4.996791028649824540e+01
1.874573954674211507e+02 3.245892989059696987e+01 4.977524888310409068e+01
1.874510617839846986e+02 3.282312422629726711e+01 4.976226994121952885e+01
1.875055153802471466e+02 3.300323384709707852e+01 4.976563361123814389e+01
1.876700320118197567e+02 3.281336740556848497e+01 4.955015436364153913e+01
1.876733990321073122e+02 3.271607224519948431e+01 4.942645657130125869e+01
1.876571636288103093e+02 3.286906227647424572e+01 4.952064770749471734e+01
1.876288027646419323e+02 3.301989138428087500e+01 4.965401940140744586e+01
1.874297900888993809e+02 3.284941127399002170e+01 4.951023842188931923e+01
1.871335735476165212e+02 3.257835525246789388e+01 4.920644273469052621e+01
1.870957406355795172e+02 3.213853697105535190e+01 4.900324473547114223e+01
1.870388555816318217e+02 3.207803948962003204e+01 4.893296446872273009e+01
1.876081098285164899e+02 3.176029830794666964e+01 4.900924255444606104e+01
1.881739878418740091e+02 3.139331487335145709e+01 4.900132586893413134e+01
1.886089314819747074e+02 3.096562791578093865e+01 4.890505337815993414e+01
1.888729779033011766e+02 3.085028736931857196e+01 4.897906416937619412e+01
1.889024619451326430e+02 3.089513909479083509e+01 4.904044109640901183e+01
1.887420016516825854e+02 3.106709416098377474e+01 4.919944988583958434e+01
1.886442960833680900e+02 3.115488125809299191e+01 4.924782693180694793e+01
1.885024624476729969e+02 3.104055919338924951e+01 4.920015846772099621e+01
1.883387540684828423e+02 3.062453703471046040e+01 4.893497546765566852e+01
1.881800677424380126e+02 3.033742484927977756e+01 4.867303720306147596e+01
1.879992755043411137e+02 3.027651109692830644e+01 4.863713237080106921e+01
1.879244204453512452e+02 3.042552435896791607e+01 4.868359725076930289e+01
1.878888531526868348e+02 3.057684176847296342e+01 4.886365577996773624e+01
1.878092423869326240e+02 3.067015848447234205e+01 4.883084073323986019e+01
1.877143828720850536e+02 3.042930681260438064e+01 4.862299842369846203e+01
1.873796072479718191e+02 3.029400452621334239e+01 4.838877023353049367e+01
1.871330232659426827e+02 3.019547730444061528e+01 4.819999514211003344e+01
1.870646400889831398e+02 3.030354357946083965e+01 4.819986783189020230e+01
1.870033008524759452e+02 3.040057239344888274e+01 4.817699722095191106e+01
1.868204163714242156e+02 3.038526752735075931e+01 4.810543715146733490e+01
1.869945114219044058e+02 2.994977863097960125e+01 4.800373136203509006e+01
1.872204719858886790e+02 2.971902801997430288e+01 4.793992716515318619e+01
1.872868810168736218e+02 2.966766504681163141e+01 4.796677705802833458e+01
1.873356316178281133e+02 2.981353743171733228e+01 4.807829411005968723e+01
1.875104637274757238e+02 2.991916219824546275e+01 4.815538463600165642e+01
1.878983277132571743e+02 2.971069422597899035e+01 4.829144240803930188e+01
1.881480257702687027e+02 2.955369224764518066e+01 4.837930739890144594e+01
1.883437426189387338e+02 2.955935671486028582e+01 4.849167123140809821e+01
1.884221288613943557e+02 2.970382533707893558e+01 4.861287223581872752e+01
1.885394435538312905e+02 2.999297113575792295e+01 4.879234949335558014e+01
1.886058333207698183e+02 3.034559783036583269e+01 4.903575742042692553e+01
1.886867213765584950e+02 3.040825037229863526e+01 4.907857469508364545e+01
1.886848192613662150e+02 3.004428134218474256e+01 4.888492328721687841e+01
1.886777585695691641e+02 2.985486467426172652e+01 4.871021178725121814e+01
1.886703243227850066e+02 2.994995535766633665e+01 4.879111324411567097e+01
1.881320692768611877e+02 3.075341936823978628e+01 4.900130828002217953e+01
1.878665361736913439e+02 3.113703186273277979e+01 4.911361934579298349e+01
1.876682957349401306e+02 3.103914956773154898e+01 4.899629544011645521e+01
1.872987501821708634e+02 3.068012888484622991e+01 4.858597041377496595e+01
1.869878360110357960e+02 3.049955776449954570e+01 4.841104868443314047e+01
1.868975236487108873e+02 3.058486817529277246e+01 4.831221658818661524e+01
1.869965374970475693e+02 3.076618640561370910e+01 4.839853710506611151e+01
1.870522256674154562e+02 3.092840056485534461e+01 4.847291391316437625e+01
1.868631750163744414e+02 3.111703075714402900e+01 4.843597552293510233e+01
1.866473423154043587e+02 3.122918352270728448e+01 4.853384441686056050e+01
1.868665705139480053e+02 3.132180170763207983e+01 4.864198356023030101e+01
1.872761501054497160e+02 3.142979343916832846e+01 4.889911335132427439e+01
1.874060936366666965e+02 3.143601907643136073e+01 4.896666231131704450e+01
1.873099459434106109e+02 3.144123460760812705e+01 4.898878246201213926e+01
1.871846048441538528e+02 3.146024068332085477e+01 4.895055003040369002e+01
1.872216311789428858e+02 3.156109801714332619e+01 4.892016392865937036e+01
1.873548462477825467e+02 3.176832890260265785e+01 4.901091517621576799e+01
1.874232788412089690e+02 3.192482331519162742e+01 4.912829603646432730e+01
1.875278809381423173e+02 3.199085711605498972e+01 4.915115575902855483e+01
1.875269411877038408e+02 3.194865210304757142e+01 4.914326252539922990e+01
1.870451641380511774e+02 3.215947615194809828e+01 4.901491874760246503e+01
1.865758358502228873e+02 3.224229647534956200e+01 4.892133987305830800e+01
1.861753698278129150e+02 3.232570560851772257e+01 4.879347099588419212e+01
1.859345089427053779e+02 3.241229665961434847e+01 4.874277891407732710e+01
1.860734378952270447e+02 3.247446760038661751e+01 4.889340198034397389e+01
1.862578325100047323e+02 3.295722962910847542e+01 4.921515092124020185e+01
1.864513222673950281e+02 3.376148346558520075e+01 4.975433399166117709e+01
1.865503729686900556e+02 3.447487800833211935e+01 5.017693021557305855e+01
1.866006571552531454e+02 3.457736106015910593e+01 5.029631034881325036e+01
1.864188213083805294e+02 3.441238292903963014e+01 5.010063454093777580e+01
1.853304537771769560e+02 3.516342779416617503e+01 4.967952164860034259e+01
1.846577892915353800e+02 3.582276155968420284e+01 4.956801380980858340e+01
1.842719589190022305e+02 3.652455244594759876e+01 4.969015791492662260e+01
1.841160357272680130e+02 3.713450911021882206e+01 4.992655791693677969e+01
1.841019721358132131e+02 3.734386909159132983e+01 4.997633621288949257e+01
1.840781969522603561e+02 3.686963098462729249e+01 4.970201451671533022e+01
1.839191965385021206e+02 3.638585466198298946e+01 4.935345839887296648e+01
1.839083307787532533e+02 3.629111575681737634e+01 4.929176738412676428e+01
1.839226355895719394e+02 3.629869909056949240e+01 4.926444007792725444e+01
1.838076493340502964e+02 3.624542897681111242e+01 4.916910985029323200e+01
1.836765131070896757e+02 3.579923597116758316e+01 4.890458266537346077e+01
1.834246315122946385e+02 3.523143909127305307e+01 4.850930955982491355e+01
1.833084265964450310e+02 3.478380798268580776e+01 4.813911154217905164e+01
1.832387485405390919e+02 3.468965286188348784e+01 4.807880670120793809e+01
1.832248491122624898e+02 3.481732826102615519e+01 4.814625347799794497e+01
1.845419612809418197e+02 3.382729531113110255e+01 4.822616074255360985e+01
1.850236813760224663e+02 3.301859147993105381e+01 4.801390194097831454e+01
1.851547078816751934e+02 3.246989197057794030e+01 4.783296229104791308e+01
1.851830930352934104e+02 3.218212983297234331e+01 4.770738499783070097e+01
1.855395675137821740e+02 3.228271495744321129e+01 4.788494925180118855e+01
1.864359554213214381e+02 3.198568513837448180e+01 4.812255200036182856e+01
1.866927275712057792e+02 3.179449199034452533e+01 4.818315585283608726e+01
1.866541852397201069e+02 3.158519566408193313e+01 4.804571274459057406e+01
1.868273112249085841e+02 3.131276938256218401e+01 4.798802195096211420e+01
1.871099332123886256e+02 3.115946610114126969e+01 4.796830059283009007e+01
1.871598907477297757e+02 3.134533232155211380e+01 4.825275517742186793e+01
1.871507017975868052e+02 3.136129467793027104e+01 4.842293460107509873e+01
1.871083393219390700e+02 3.133646332209318075e+01 4.847597605897813366e+01
1.871761990193762699e+02 3.113862910345127943e+01 4.845130970388647995e+01
1.872505825280124441e+02 3.102256238619555262e+01 4.842275871195560200e+01
1.869444508657932431e+02 3.117991614276835932e+01 4.838088202530457949e+01
1.866695244460749166e+02 3.126854834521841298e+01 4.826857766007166362e+01
1.865271530922144905e+02 3.106472468327395120e+01 4.808980814684898775e+01
1.863891136360971359e+02 3.083003750626081541e+01 4.785254377545157212e+01
1.860431765910008437e+02 3.068738472980918530e+01 4.762550610000217688e+01
1.862193546711962426e+02 3.016945827826328852e+01 4.741077061211088761e+01
1.864102044166595533e+02 2.982570477095048744e+01 4.733971308296773373e+01
1.864446309427489155e+02 2.972236907567754827e+01 4.730198989223860195e+01
1.863750140292511901e+02 2.965401270086956131e+01 4.722802600478753732e+01
1.860014180013300518e+02 2.974285513269577663e+01 4.718458558010744497e+01
1.866600900887318630e+02 2.877350674325381519e+01 4.706323381359438685e+01
1.871213517665130439e+02 2.829766637016786390e+01 4.713224767868240406e+01
1.879130278558111229e+02 2.785550290049533828e+01 4.733158700564688104e+01
1.880983982364184328e+02 2.770594186948357418e+01 4.735129245000142362e+01
1.883493978729142384e+02 2.745197138200268938e+01 4.736782602723433655e+01
1.892408190067457667e+02 2.700226813207430254e+01 4.751087413542121851e+01
1.894274113979499816e+02 2.681975553087524133e+01 4.748477135252032610e+01
1.893378210185822752e+02 2.655769749416634440e+01 4.730868959255704453e+01
1.890152278099124317e+02 2.622806118261143382e+01 4.697241472309189447e+01
1.888913197881960002e+02 2.595485931383141676e+01 4.677553784380041435e+01
1.886621228644129360e+02 2.570632212500858671e+01 4.662514427095634773e+01
1.882259094723829094e+02 2.556887399135965566e+01 4.648651684263954564e+01
1.880563808384717959e+02 2.542008519733921545e+01 4.640045932187206290e+01
1.880162102762799350e+02 2.524577572964669869e+01 4.628070395851027286e+01
1.875620218538043105e+02 2.508743531887022371e+01 4.592752446952679435e+01
1.882049116617836546e+02 2.453790494281928503e+01 4.606237781987949376e+01
1.889009702378858435e+02 2.453957505188729016e+01 4.648084902515549288e+01
1.896069782751810351e+02 2.470781048198644214e+01 4.698609387118550984e+01
1.900669944904827275e+02 2.477158871428403941e+01 4.726456236274366773e+01
1.901525360698330189e+02 2.468935133767863377e+01 4.727657810230716251e+01
1.899172684587255162e+02 2.438894612264999395e+01 4.683571621211892477e+01
1.899002884581559840e+02 2.397557067643604967e+01 4.651521775910561018e+01
1.901777485187623427e+02 2.375373680622211836e+01 4.649040985515112112e+01
1.905431841291059527e+02 2.378999174158705543e+01 4.665516016798248700e+01
1.907121172527124600e+02 2.392490623434796149e+01 4.680207364896217115e+01
1.907518053761765771e+02 2.394678349054470345e+01 4.681207671445825014e+01
1.899537570753492162e+02 2.455190990456759081e+01 4.681934596049698172e+01
1.897382024467014219e+02 2.492670532877026801e+01 4.689795667097175880e+01
1.896306914787584503e+02 2.513811316203408097e+01 4.697021527153092535e+01
1.895718515428825981e+02 2.522109764861374259e+01 4.701615248414066173e+01
1.890558866738027461e+02 2.557839043029179038e+01 4.686743907117143948e+01
1.886255010745987590e+02 2.568167922179953067e+01 4.669478798660562546e+01
1.883721503868723062e+02 2.559961857188085688e+01 4.650535708003960167e+01
1.882620848388604315e+02 2.543963736688962740e+01 4.633627151919620246e+01
1.880495705792782530e+02 2.526928959222201598e+01 4.616968860925310736e+01
1.886955082944283220e+02 2.477244052016275688e+01 4.624263652764725663e+01
1.893244341814539098e+02 2.455457923134779818e+01 4.643541184018547341e+01
1.898508904177282943e+02 2.445155427351930655e+01 4.670477681345870025e+01
1.902104312298669697e+02 2.461502813388344890e+01 4.699165280492891839e+01
1.903268857407528287e+02 2.494718049741442911e+01 4.725338084014694573e+01
1.900678228444788544e+02 2.530068077464918375e+01 4.730286766270162246e+01
1.896739468010794667e+02 2.539310380640806031e+01 4.711977965281162994e+01
1.892612430837885427e+02 2.535220372315387749e+01 4.693273832556908332e+01
1.890172329458747242e+02 2.537851506029646487e+01 4.689226623917235059e+01
1.890152487490933311e+02 2.558246435732628399e+01 4.701029621402857828e+01
1.885100817968162517e+02 2.614230351091433846e+01 4.711036037167883705e+01
1.882343705765980246e+02 2.634811304477467075e+01 4.707841053190544756e+01
1.880413180293047901e+02 2.650068010459539636e+01 4.702110250650370915e+01
1.879410888709091125e+02 2.667661026488901399e+01 4.705982407737781159e+01
1.877439724473882166e+02 2.696967839093283104e+01 4.716512973078913973e+01
1.867902907530902041e+02 2.765985054450246139e+01 4.713289260545390391e+01
1.860839309375560049e+02 2.801503098161204974e+01 4.701145373194832899e+01
1.858085773585474669e+02 2.819466402665473836e+01 4.692159198079625781e+01
1.856979230007688955e+02 2.842792817693440455e+01 4.700244820902997844e+01
1.855344449525685775e+02 2.870126908187554804e+01 4.706716032879539569e+01
1.853884821104014122e+02 2.895326207311292066e+01 4.720003953317352341e+01
1.860623669315054372e+02 2.886762082326158563e+01 4.740376519975141179e+01
1.865623300785470633e+02 2.878898582333696865e+01 4.756759921402690594e+01
1.868130432670482719e+02 2.885109059629761674e+01 4.763021322786686795e+01
1.867921576904585947e+02 2.879971254692470595e+01 4.763236326296093637e+01
1.868235999644871583e+02 2.869612306877934671e+01 4.758708186549674934e+01
1.863370152789015037e+02 2.913785184105654125e+01 4.741187285059308465e+01
1.861265522214795851e+02 2.948803283933617791e+01 4.734369404003906112e+01
1.861509907582831147e+02 2.965839736534850246e+01 4.737972366981759365e+01
1.861385378086226012e+02 2.974414833650771328e+01 4.737055063345209760e+01
1.864245879587983836e+02 2.951479646278605173e+01 4.734590186727239569e+01
1.866639646747642587e+02 2.935983228553672220e+01 4.733349079597364550e+01
1.866678476364690198e+02 2.927347994110227347e+01 4.726906177393390607e+01
1.867855325336241492e+02 2.917666805702827659e+01 4.728140500228656151e+01
1.868403077557050835e+02 2.906518534525358888e+01 4.728576537731566276e+01
1.869235368119175860e+02 2.918186851199480003e+01 4.736133488115758183e+01
1.872925086311303744e+02 2.903562675993815390e+01 4.752856271787217679e+01
1.876139401340442703e+02 2.901443798400916663e+01 4.772943814314694322e+01
1.878441957428132412e+02 2.896997740243597974e+01 4.787749071556719116e+01
1.879753386703117712e+02 2.903587803010886859e+01 4.800427829344000941e+01
1.873651675888282000e+02 2.958016439769702544e+01 4.800802473168533879e+01
1.869523432618553329e+02 2.994987662634617820e+01 4.794091884476026166e+01
1.867779366363634779e+02 3.013210780495404251e+01 4.798115054936035051e+01
1.868983176624503528e+02 3.021382924014225324e+01 4.801182477423375161e+01
1.869843936096970083e+02 3.003190293600818705e+01 4.798674801119659605e+01
1.868939321604041766e+02 2.983405615385775178e+01 4.780710324021260504e+01
1.863377875158928418e+02 2.999552069042342239e+01 4.761065268264410122e+01
1.861679615456130819e+02 3.025531059505801679e+01 4.763214968331583066e+01
1.859095343628709713e+02 3.029353800126305174e+01 4.752704337090659692e+01
1.854894525158007070e+02 3.013932344668968355e+01 4.729848718605886404e+01
1.849481730145887468e+02 2.993782319625707800e+01 4.699496287064444289e+01
1.850049977636954850e+02 2.964303135684216883e+01 4.691626170290820141e+01
1.852332055205731649e+02 2.940755351635852577e+01 4.691926186874651705e+01
1.853362480673135906e+02 2.927550936651439528e+01 4.692496905189064194e+01
1.853081409860176620e+02 2.923224650608827702e+01 4.685840255826536804e+01
1.856765658738255240e+02 2.898412307547988576e+01 4.697721649605421845e+01
1.860229887079185289e+02 2.880184750580852793e+01 4.709009459484359894e+01
1.862944308479363258e+02 2.877531002551229733e+01 4.718212229486722009e+01
1.864299098610140959e+02 2.891248594980962139e+01 4.736063886278471102e+01
1.865736757643219903e+02 2.964188388972924670e+01 4.788178324765020477e+01
1.866943315124621563e+02 3.044526916898254143e+01 4.842518430667021789e+01
1.866710580316834864e+02 3.057062283174781925e+01 4.847882378757955024e+01
1.863458784153897909e+02 3.031892131390847567e+01 4.816495551680411324e+01
1.862004063876227633e+02 3.031222496385897358e+01 4.808638584712387853e+01
1.864213247968480687e+02 3.036870379769736061e+01 4.819499151544390259e+01
1.863177085165511642e+02 3.078000877770463006e+01 4.825668839316075776e+01
1.861472451576050275e+02 3.092949610279965356e+01 4.820165101253503082e+01
1.858954414565629349e+02 3.089998525881665259e+01 4.801326371474470278e+01
1.856902684738017228e+02 3.071590221905063345e+01 4.779697872746734788e+01
1.855312797859848217e+02 3.069696482385123559e+01 4.770580953386033229e+01
1.853937721850621472e+02 3.088722324684614051e+01 4.776739669026930812e+01
1.855620612194643968e+02 3.128414887255074461e+01 4.799112597513765621e+01
1.857746684490097380e+02 3.156356800292143561e+01 4.814051949270227482e+01
1.858167335882887983e+02 3.184708199950750895e+01 4.830719872287748018e+01
1.858202212182582969e+02 3.215158459345323649e+01 4.848999525936944366e+01
1.859687847066923325e+02 3.237189995426882660e+01 4.870685481777049830e+01
1.864672594967560997e+02 3.224516933096804649e+01 4.881123998478977910e+01
1.868563530312395926e+02 3.192469768010627007e+01 4.878686342796167708e+01
1.874050810178787003e+02 3.136956230411396263e+01 4.867417294423309926e+01
1.876838024547420503e+02 3.099609442397988346e+01 4.855868414837001268e+01
1.867834294022952690e+02 3.157002313360705159e+01 4.837084713225354449e+01
1.863292518681937224e+02 3.183836208701653447e+01 4.822125427368681727e+01
1.860352841949387539e+02 3.175554678901848860e+01 4.799777458385472073e+01
1.854825576623163386e+02 3.150209810592545168e+01 4.746611035450870730e+01
1.850357314558426083e+02 3.145467337390509144e+01 4.729290145016391023e+01
1.856351247221370784e+02 3.100854486093871287e+01 4.771529498280474257e+01
1.857417721582600052e+02 3.079650047657575840e+01 4.787502324249079066e+01
1.855439731174419933e+02 3.067655498545145676e+01 4.792710233563999367e+01
1.857293795134404490e+02 3.078243688512095133e+01 4.805430115902554178e+01
1.861088125474272488e+02 3.102323914052200493e+01 4.844068265079979341e+01
1.876619963917603400e+02 3.047210398564744693e+01 4.873959448344715639e+01
1.886523023885742418e+02 3.013065295066561333e+01 4.882423986585523323e+01
1.889519973465870066e+02 2.964387729975023689e+01 4.865434018965872554e+01
1.891774587204987768e+02 2.939471193550062367e+01 4.858573003197831497e+01
1.898128372255082752e+02 2.955615134504922281e+01 4.895804960743223688e+01
1.903265624397998579e+02 2.941333943082280911e+01 4.907130712417939122e+01
1.889913529558585310e+02 3.028760299983080984e+01 4.884645801191690850e+01
1.883929178664817243e+02 3.071107364393676775e+01 4.875277779173723047e+01
1.881040727544403524e+02 3.100677173110071294e+01 4.869768513167394275e+01
1.875738792931602461e+02 3.110674961932569005e+01 4.858251377379318825e+01
1.866998644816212618e+02 3.125548397147581170e+01 4.846727876080252173e+01
1.865955454824135984e+02 3.119012524980442791e+01 4.848878748741555000e+01
1.868044942182733621e+02 3.118953392733601859e+01 4.859687218891496485e+01
1.869017692770287056e+02 3.105640345278717263e+01 4.854142021250756045e+01
1.869310615159631936e+02 3.093834918848110505e+01 4.848327629500457903e+01
1.870825095859570126e+02 3.082029408660780234e+01 4.854449575939708694e+01
1.867206780274286473e+02 3.124253685714620588e+01 4.858193501483331289e+01
1.865295259201932367e+02 3.128806701207939511e+01 4.848063795821209254e+01
1.863784137146609510e+02 3.125447135268783683e+01 4.839040265207289337e+01
1.863593490092417255e+02 3.131449058323156720e+01 4.841750632782046893e+01
1.864577974996942942e+02 3.147694428670261502e+01 4.851300825673781247e+01
1.862571691567540597e+02 3.154541205795295156e+01 4.852134037559864765e+01
1.860906808919085904e+02 3.138331934596049777e+01 4.843147862444657648e+01
1.856850889580161095e+02 3.118808996142165313e+01 4.818247323553898553e+01
1.854650307303418799e+02 3.112781694800550270e+01 4.803544165757906370e+01
1.854186512822316786e+02 3.113900433357287767e+01 4.802222903443573898e+01
1.854254808054716648e+02 3.126044907004909845e+01 4.810446641104114462e+01
1.853835890426103958e+02 3.125833421277893009e+01 4.808301798926908788e+01
1.851517588074382559e+02 3.125169062946527987e+01 4.796311018867039877e+01
1.846865630763509500e+02 3.136165901967780556e+01 4.790998916187997025e+01
1.854202568986225401e+02 3.094924593821768966e+01 4.799938690078346326e+01
1.856592340950169842e+02 3.096783490544703454e+01 4.815325135225230468e+01
1.858734578293272364e+02 3.114814805508512308e+01 4.841835980883365664e+01
1.861223174815358163e+02 3.111725606273043709e+01 4.854500081244022169e+01
1.862425737101045797e+02 3.102426013498233459e+01 4.845122175932672803e+01
1.864684413041256903e+02 3.106991424986640737e+01 4.829596694624660813e+01
1.866216993569158831e+02 3.136298740131363871e+01 4.843734075752931290e+01
1.867820742185078871e+02 3.177999956446503660e+01 4.872919692378305712e+01
1.868771163230128423e+02 3.220498871796933571e+01 4.889809654470012390e+01
1.869610883013633895e+02 3.222910060355094686e+01 4.893568488710431552e+01
1.863052555668906223e+02 3.275706864868577384e+01 4.885834476612610189e+01
1.859637785673244821e+02 3.298346558519985194e+01 4.876155717150194135e+01
1.857376111242329841e+02 3.321761839431660235e+01 4.875496049195349002e+01
1.855989175281045789e+02 3.333463993822103788e+01 4.877000487464130885e+01
1.854531657528808068e+02 3.341264508758440854e+01 4.874004676975444283e+01
1.847338805997651434e+02 3.391923590416220691e+01 4.869573778785091633e+01
1.843338249853007085e+02 3.436523375663981739e+01 4.880986972479215780e+01
1.839947417528942140e+02 3.471935969659964627e+01 4.884377360892645470e+01
1.837411054547403921e+02 3.507550836143371242e+01 4.897076052780136735e+01
1.836086441964128539e+02 3.549652744624074785e+01 4.919994153780695001e+01
1.833782252620329132e+02 3.594965802129765819e+01 4.937788772243691682e+01
1.832141416527211675e+02 3.609524563334321812e+01 4.934390845725140906e+01
1.831575614732472559e+02 3.616438764621830160e+01 4.927396740523345642e+01
1.832654233818619787e+02 3.621565178644715388e+01 4.935567292664418915e+01
1.834102689093367076e+02 3.644452457170999082e+01 4.954018731353659177e+01
1.833298934446962676e+02 3.671569366480894558e+01 4.950410910485839366e+01
1.832800573566042885e+02 3.671692153837649641e+01 4.935814877539294798e+01
1.832762991924176674e+02 3.639058775443198357e+01 4.907573282945288184e+01
1.833522221496330644e+02 3.611036120924607218e+01 4.891502042826488150e+01
1.833051952620496650e+02 3.597947290218722571e+01 4.878880323367958027e+01
1.835027983121345017e+02 3.572590025914330170e+01 4.886560982432865075e+01
1.836174629418376583e+02 3.554891476413268947e+01 4.887087225927061240e+01
1.836199848567843844e+02 3.541619385996210667e+01 4.881127097477749999e+01
1.836460172840374696e+02 3.533792152665055397e+01 4.881203148582752505e+01
1.836974790901339532e+02 3.538240137227015936e+01 4.883912176049932441e+01
1.840632547527752649e+02 3.504513063536175110e+01 4.895791894694346524e+01
1.841430857987124909e+02 3.474854807719689376e+01 4.901911998485678623e+01
1.839867790011843169e+02 3.457039752616141470e+01 4.891468456380336249e+01
1.839534639268167382e+02 3.455766147877520922e+01 4.890679049260679534e+01
1.839021805225414425e+02 3.470935830623803042e+01 4.908414032936494209e+01
1.837716222169734692e+02 3.522545216067219798e+01 4.921001663408529936e+01
1.838871612668706916e+02 3.549372578383729859e+01 4.927648932018017547e+01
1.839356890749404840e+02 3.553062815867544089e+01 4.921938733631841956e+01
1.839575512549269831e+02 3.539857395802447826e+01 4.909402697301526075e+01
1.842089370099184578e+02 3.515356795266740164e+01 4.899558267039886772e+01
1.840284102806352848e+02 3.517050356217345097e+01 4.895983697591324102e+01
1.838255171558896848e+02 3.532660515572887761e+01 4.897061144083341588e+01
1.838001958232196955e+02 3.542910914673675649e+01 4.900151432156216202e+01
1.838090748734854571e+02 3.531550320201954207e+01 4.898005082357986595e+01
1.837985927195305464e+02 3.517082686312643602e+01 4.885506066499488043e+01
1.833385622655858640e+02 3.547505641015332856e+01 4.880161131184805612e+01
1.831902617732638419e+02 3.565360313049129815e+01 4.880907906132164698e+01
1.830363294788489270e+02 3.577335346844967745e+01 4.877241790584739078e+01
1.829134935431941926e+02 3.608440751331313123e+01 4.894144567455152384e+01
1.829322458360344967e+02 3.653688897376236611e+01 4.919796487913067295e+01
1.834795131054145259e+02 3.642847092050314473e+01 4.932062995106932135e+01
1.839148261126661907e+02 3.619237579296677865e+01 4.931930491970243224e+01
1.845445954298981235e+02 3.586616178113698084e+01 4.928933843914320079e+01
1.848792839470188483e+02 3.569715662674821033e+01 4.933171096559776458e+01
1.849782818815780558e+02 3.576315943762385530e+01 4.939741308983578705e+01
1.849271232748209002e+02 3.572476786824062600e+01 4.938320627438367438e+01
1.845904555863221788e+02 3.562832786401928331e+01 4.924775238832297219e+01
1.844640541269450296e+02 3.535847123877869080e+01 4.901278462628587818e+01
1.843087926133270287e+02 3.532259404623706445e+01 4.893555171391383141e+01
1.843482328168893787e+02 3.538629773505068243e+01 4.898019321000993642e+01
1.850823764127665356e+02 3.493268890910217550e+01 4.918135759598101941e+01
1.853726286377639099e+02 3.448903959515349982e+01 4.915352356160390457e+01
1.855403849794042230e+02 3.419401239934535397e+01 4.909832034266550949e+01
1.856000641576502517e+02 3.401390194097831454e+01 4.906111644362250956e+01
1.855429990267468838e+02 3.418146061675101066e+01 4.918057782088457230e+01
1.856599485398690490e+02 3.436440540264369758e+01 4.946062512668204647e+01
1.859154249732397375e+02 3.435706496338993787e+01 4.964382285787991833e+01
1.860823571487201207e+02 3.406852472582236402e+01 4.954888461171220371e+01
1.860688287627289412e+02 3.419114959453369806e+01 4.966423855925034303e+01
1.864413200394661771e+02 3.443664725185814035e+01 4.992110870450125049e+01
1.864307683674306872e+02 3.450033000149087314e+01 4.975146364874440508e+01
1.858972975055572476e+02 3.474289533592309454e+01 4.960711731134216507e+01
1.858527506545588039e+02 3.496388158809448754e+01 4.966096534649319238e+01
1.858565867124983413e+02 3.518734536414910963e+01 4.977028378453080393e+01
1.858564150112150344e+02 3.586623297435201607e+01 5.017397444079823288e+01
1.861512939576224426e+02 3.525200304204420121e+01 4.979348104669102071e+01
1.853953434611963473e+02 3.449319309107538345e+01 4.903421880941492361e+01
1.849625682826688831e+02 3.485293156908171142e+01 4.912989160204835315e+01
1.854007482825683724e+02 3.543368645167991104e+01 4.957996924453110665e+01
1.853960520430777592e+02 3.571448756798952218e+01 4.980891992354685982e+01
1.851988828528210149e+02 3.577051579065509657e+01 4.977376806423135491e+01
1.851608405489750737e+02 3.556882960029616214e+01 4.974465757738702365e+01
1.850829509838902425e+02 3.553808669490943117e+01 4.979698040260181813e+01
1.846444485206049819e+02 3.577253432769315822e+01 4.982128325351317244e+01
1.841801230218755734e+02 3.598197806578922808e+01 4.977636117239311631e+01
1.838752962894096186e+02 3.604319501748003063e+01 4.952844964629535696e+01
1.837891441235445313e+02 3.609570545775562067e+01 4.943209004852864297e+01
1.837765596758279685e+02 3.613564820165938585e+01 4.937449557513229337e+01
1.837235810354676175e+02 3.619491445925821438e+01 4.938223972179366683e+01
1.837121348416244189e+02 3.614768488040377292e+01 4.933143959381339272e+01
1.837122118978101071e+02 3.603342060783929668e+01 4.936240696721929311e+01
1.835544510835607355e+02 3.593069298637948350e+01 4.931966423604654892e+01
1.835330060120576263e+02 3.600904321344395953e+01 4.938368536284249899e+01
1.834489251499664135e+02 3.599072645556621808e+01 4.938154035315184842e+01
1.832093080522038804e+02 3.600112569036479471e+01 4.928169396298287808e+01
1.833531225344114546e+02 3.575998673293498342e+01 4.932146165533438165e+01
1.833614219881501128e+02 3.567716557196629168e+01 4.929281099290245294e+01
1.833161431033876170e+02 3.574737548306690371e+01 4.937679972259773109e+01
1.832676462853055455e+02 3.596775031115623023e+01 4.951561392840810072e+01
1.833519725545968129e+02 3.607927992669611683e+01 4.957515490806024161e+01
1.835198126529607237e+02 3.605140736422616499e+01 4.965731355334549590e+01
1.839730328477118633e+02 3.588175142009524876e+01 4.956064573083604330e+01
1.841759050332765355e+02 3.584245779079915906e+01 4.960611390579379076e+01
1.844588009052426685e+02 3.586298991401534408e+01 4.968742242033479073e+01
1.846627711414533906e+02 3.588142560644055834e+01 4.973683218670378636e+01
1.846603137191838186e+02 3.588654397981797928e+01 4.974009618622135065e+01
1.847195272100467776e+02 3.592987970859361013e+01 4.971610909815785817e+01
1.848198652521831207e+02 3.595516586343968868e+01 4.973104292197056253e+01
1.848389500592160175e+02 3.600304539446904073e+01 4.975984685920662542e+01
1.849530166659128554e+02 3.597941846031690005e+01 4.977732018687800064e+01
1.844514830803042855e+02 3.621662671470951977e+01 4.972249219806119669e+01
1.840724437029182639e+02 3.633725398556369157e+01 4.964267371563251885e+01
1.838685287461451026e+02 3.645864092990064620e+01 4.960241520888089184e+01
1.837851573035025297e+02 3.659529756251183130e+01 4.965323376334035288e+01
1.836694783798769492e+02 3.674590890283717215e+01 4.970326919243441921e+01
1.835413398060529175e+02 3.697450361577775624e+01 4.983164228508443472e+01
1.835638016841801914e+02 3.710983019161863439e+01 4.997779106717791819e+01
1.837591340894890379e+02 3.704795407451333489e+01 4.998605785579437111e+01
1.839378633994843995e+02 3.688053359733452652e+01 4.996268219181294512e+01
1.839477324542227734e+02 3.696979816304753541e+01 5.002477858910123842e+01
1.839253878355085021e+02 3.712789986716183677e+01 5.010732419044938979e+01
1.840752847309817923e+02 3.719175180537617820e+01 5.018509147071781484e+01
1.842064737246782613e+02 3.704352920680707939e+01 5.015074786378476546e+01
1.843951273688495291e+02 3.670447612682107774e+01 4.997566280883197720e+01
1.844209478915919931e+02 3.648234324510399773e+01 4.986241366775718120e+01
1.840921801372605273e+02 3.661413612477741708e+01 4.989385175394954786e+01
1.837069427623302431e+02 3.694874591057796920e+01 4.998697331678300770e+01
1.835775562133250105e+02 3.718979943614973394e+01 5.009603545924649382e+01
1.836304008429276564e+02 3.718764688835396015e+01 5.006764025482145541e+01
1.837121381918933594e+02 3.692847929617550307e+01 4.995003492655372668e+01
1.835087266130288697e+02 3.683274871140280737e+01 4.970254218407382751e+01
1.830203327822140977e+02 3.704144533952462837e+01 4.960186492720703200e+01
1.827791134183296435e+02 3.723838838662774009e+01 4.962264329519052097e+01
1.828621506716451677e+02 3.729114004626721623e+01 4.965629255888516269e+01
1.828161313774463110e+02 3.727210549326846944e+01 4.958243336733856665e+01
1.828432593426437336e+02 3.726406987320907405e+01 4.964519646814648013e+01
1.828389441962453645e+02 3.734197283936968148e+01 4.973068695589538635e+01
1.826964195675807900e+02 3.766446135213504220e+01 4.986012878433816553e+01
1.824576375243522648e+02 3.801195543472252325e+01 4.996544365098908003e+01
1.823972237996405283e+02 3.826415781776881886e+01 5.011293254065969904e+01
1.823076158313608630e+02 3.835948637026837105e+01 5.019274180984878342e+01
1.821548619940465699e+02 3.850376653985898656e+01 5.017740092835952481e+01
1.821164603738565120e+02 3.855065271614678579e+01 5.017544688399861030e+01
1.821790551236500448e+02 3.853728095522868102e+01 5.009191211574508884e+01
1.822728844307976885e+02 3.846740858372405825e+01 5.004727313235069630e+01
1.821522169567161882e+02 3.852368472629139973e+01 4.985943360353252274e+01
1.818875256086182333e+02 3.847602128760886586e+01 4.971479746786673104e+01
1.815245616591871851e+02 3.861461521323624169e+01 4.965160385749965855e+01
1.810805145008015415e+02 3.879391825678806072e+01 4.964473496859960733e+01
1.805189424206028264e+02 3.904405519903109933e+01 4.973464446108411607e+01
1.799819328371584959e+02 3.914559598771791116e+01 4.978028517489241267e+01
1.794164702571498822e+02 3.919496387572512219e+01 4.978746480123692209e+01
1.793746346112934305e+02 3.913311037293518524e+01 4.980146222488010466e+01
1.797985232014499957e+02 3.922196620583717674e+01 4.992103332345003963e+01
1.803073838252365704e+02 3.921478155408925659e+01 5.006139870378094514e+01
1.805757470680958932e+02 3.932835734638597813e+01 5.015194307223012515e+01
1.812479994706575042e+02 3.889946261686156959e+01 5.015393648225111178e+01
1.817658957697829294e+02 3.867105886925072866e+01 5.019027517433961805e+01
1.822745277377141520e+02 3.825446381458271361e+01 5.006408059406968647e+01
1.827154013538436743e+02 3.795021835377834662e+01 5.003311573336549856e+01
1.828428254828156412e+02 3.785937162355708097e+01 4.993815822315136188e+01
1.829701147634626466e+02 3.784763144361413367e+01 4.987608695288014360e+01
1.829570319632408371e+02 3.771863017553734210e+01 4.985174389874147494e+01
1.828264870587486541e+02 3.763070906767040924e+01 4.971478239165649171e+01
1.828259593913901426e+02 3.757764750815371713e+01 4.970014255394351466e+01
1.825798503099836410e+02 3.792245299991456875e+01 4.977815942924818415e+01
1.824253978863153236e+02 3.812015655806769843e+01 4.982056629595940933e+01
1.823581060594639212e+02 3.818109627500347614e+01 4.983226794780951252e+01
1.823498317327423592e+02 3.794899215534527315e+01 4.968517941527755966e+01
1.822210432067434169e+02 3.776285205044835180e+01 4.955094586467928508e+01
1.821553595089845885e+02 3.770982734389003355e+01 4.957050305963311132e+01
1.821967805590593912e+02 3.775833002494275092e+01 4.969057586097724055e+01
1.823004387177180661e+02 3.793981911897977710e+01 4.984702504493548503e+01
1.826609678591948978e+02 3.808106813274435609e+01 4.997917640338577883e+01
1.830978387415049724e+02 3.796729969998341403e+01 5.003034087311358746e+01
1.836412188613441003e+02 3.768107031041916599e+01 5.007591374397579642e+01
1.837588803066166179e+02 3.752715728005065898e+01 5.004923722751843940e+01
1.836165600443575556e+02 3.752741525075925466e+01 5.002761124149240857e+01
1.836296143672933283e+02 3.745627982786318455e+01 4.998874477148653028e+01
1.838255146431879723e+02 3.733651106342561832e+01 4.997142723132099462e+01
1.838660235825430789e+02 3.741010725886020793e+01 4.997692418508896139e+01
1.837675516402079268e+02 3.763729234614308439e+01 4.999211095420685069e+01
1.835019850343486212e+02 3.792624215408891786e+01 5.003862860091093978e+01
1.830540138734637026e+02 3.838899051371348747e+01 5.024699941537807035e+01
1.826260689451845849e+02 3.866760139170171584e+01 5.025586673970253315e+01
1.822426315022438530e+02 3.861146931069891508e+01 5.000354374697428739e+01
1.819346831566903973e+02 3.838483115482095087e+01 4.968582517961629463e+01
1.818368360395130594e+02 3.836336598170418455e+01 4.962043295525548103e+01
1.817758519315138130e+02 3.846042662324718009e+01 4.965965120350035988e+01
1.819608655084786903e+02 3.858194757834185395e+01 4.974975082374737667e+01
1.821707422688356246e+02 3.854193531635752379e+01 4.982323897300855720e+01
1.823571696592944136e+02 3.826387053220697254e+01 4.972092008435976851e+01
1.825922052642775952e+02 3.809217427428986724e+01 4.972207341444334361e+01
1.826901327879095618e+02 3.809300681612216266e+01 4.967559513339933375e+01
1.827629701474285753e+02 3.813192437772941901e+01 4.972647985567041218e+01
1.827488194489812656e+02 3.828053895776483273e+01 4.982635723582710341e+01
1.827106741243653403e+02 3.833105933828838374e+01 4.984579717136793420e+01
1.826460474364579625e+02 3.837909549439081047e+01 4.983547080491886305e+01
1.825255273742099575e+02 3.850577000068680178e+01 4.992011534975970477e+01
1.824267497198337651e+02 3.869071154686942293e+01 5.000202440000870752e+01
1.825489759065409032e+02 3.866453924588796554e+01 5.008445190437662120e+01
1.826261451638030167e+02 3.860261873771916896e+01 5.015401940140744586e+01
1.826247497767883203e+02 3.861816817345012254e+01 5.020801066055577877e+01
1.825444982720987923e+02 3.874126794278410557e+01 5.029677436106183563e+01
1.824513063536175252e+02 3.892309625155159125e+01 5.037881909720302787e+01
1.823850698614831174e+02 3.913646064187802409e+01 5.038011481371667344e+01
1.824628966090252788e+02 3.922772950598609043e+01 5.043145852283291930e+01
1.826025433566679510e+02 3.922565485194323998e+01 5.042267495523203280e+01
1.826014193414376336e+02 3.926359664772089531e+01 5.037590855105893439e+01
1.824187668665101967e+02 3.936371189697253214e+01 5.039861332368455749e+01
1.825055019791713846e+02 3.943790695298064719e+01 5.048132141307643650e+01
1.826105974032065546e+02 3.952588669055408133e+01 5.054085401705621905e+01
1.826428571428571388e+02 3.959235435124554670e+01 5.057258525178108499e+01
1.824734055651317419e+02 3.973761949990535669e+01 5.058327428484321331e+01
1.822473084776880512e+02 4.005697551120915989e+01 5.068051835361083590e+01
1.820102032440654227e+02 4.029204629401625226e+01 5.066245202833657402e+01
1.819178405171475106e+02 4.030647422721858675e+01 5.059899793455919337e+01
1.818581630140359380e+02 4.026831885179582571e+01 5.057381312534863582e+01
1.815600602713382727e+02 4.038853822740620814e+01 5.056420539158781224e+01
1.811057889297063355e+02 4.058581630140359664e+01 5.051271427063807806e+01
1.807706707405937152e+02 4.060628309437539940e+01 5.039510977993758445e+01
1.804341236617769368e+02 4.049753503962530488e+01 5.025452998239433811e+01
1.802276457492625354e+02 4.041455222818012061e+01 5.020145920963805253e+01
1.801090705181358373e+02 4.043272492449331423e+01 5.016822454172508827e+01
1.801793022059845839e+02 4.046927133325628034e+01 5.019642375541696566e+01
1.804592004248140995e+02 4.031875715073027777e+01 5.018278146028172415e+01
1.807735712359309730e+02 4.016312208212514179e+01 5.020878959808498365e+01
1.811356197243733845e+02 3.982868818544408640e+01 5.015537626032929808e+01
1.815050999468982411e+02 3.951305851077195541e+01 5.001887374008948228e+01
1.818926305809198709e+02 3.929789167575427200e+01 4.992017146676449357e+01
1.822296802000780644e+02 3.930022848834190086e+01 4.999669998509130409e+01
1.826266150390222549e+02 3.900824919970450821e+01 4.989502853591572062e+01
1.830044349185130841e+02 3.855411689423368671e+01 4.967270301373442720e+01
1.831239088592836879e+02 3.794533868706310642e+01 4.932635974852881589e+01
1.831739015724487274e+02 3.740320235456901088e+01 4.899808699643364207e+01
1.833588313926900355e+02 3.713923717726440543e+01 4.901807218824491486e+01
1.837134741116342980e+02 3.730251420932815165e+01 4.928508276001856103e+01
1.842698641633457157e+02 3.734111182025137055e+01 4.956202771677496344e+01
1.846091425489181006e+02 3.716336748932520351e+01 4.955816904452004934e+01
1.845019004400578240e+02 3.675504006084088360e+01 4.925089410302412318e+01
1.841890891791338447e+02 3.645059023363100437e+01 4.912605470654156647e+01
1.841016521851291543e+02 3.635994033171012774e+01 4.915255700901389702e+01
1.843240321491807663e+02 3.646030768869970728e+01 4.926779118443732841e+01
1.846425095524543281e+02 3.634933673050603886e+01 4.933372280209793814e+01
1.850203026297936049e+02 3.612662425226184837e+01 4.928514976539742065e+01
1.852071823065596732e+02 3.567191737566733423e+01 4.917436893496625316e+01
1.852180514165774525e+02 3.544488388805411461e+01 4.911675017212006367e+01
1.851789914685401470e+02 3.537479039879926290e+01 4.910761566384741883e+01
1.852464558342420844e+02 3.547003938241142151e+01 4.914496446202218749e+01
1.853266277700442402e+02 3.536301420346518398e+01 4.910746322661051266e+01
1.851458681970695181e+02 3.527961344596937465e+01 4.896166203491985414e+01
1.849281216549658495e+02 3.520062666780575711e+01 4.884981330626315810e+01
1.847526421058450410e+02 3.532010312127805918e+01 4.884007407444632776e+01
1.846858913474279120e+02 3.551112373045746295e+01 4.895444806831868334e+01
1.846912274882866143e+02 3.584325850507649847e+01 4.917523162921903435e+01
1.850507105082860448e+02 3.584892883526224949e+01 4.945541880874487362e+01
1.851445054751770272e+02 3.586659815366678572e+01 4.965139949109414630e+01
1.851733295140267330e+02 3.573806927351093066e+01 4.960952364201035891e+01
1.852996999834161613e+02 3.567820583047303984e+01 4.966418076711107688e+01
1.853815537542276104e+02 3.578977481167300567e+01 4.979569306176053090e+01
1.855260223764462637e+02 3.588544174133578224e+01 4.986257196796472613e+01
1.856718855481123853e+02 3.580052917497952336e+01 4.982096581553084036e+01
1.858651407866766476e+02 3.555244343489673753e+01 4.977803463173006548e+01
1.860210028360026513e+02 3.524714431450984620e+01 4.959690066620098037e+01
1.861356607651679269e+02 3.503403621975753879e+01 4.949552320312513132e+01
1.863220797799543220e+02 3.501962755060162635e+01 4.956755901079959159e+01
1.864388358150450529e+02 3.517398281647059122e+01 4.968183752200707914e+01
1.862167188471054544e+02 3.536633264485306682e+01 4.969596141830285774e+01
1.858698294880621518e+02 3.552702661956188734e+01 4.969100302026745197e+01
1.855114461938431987e+02 3.569470255474757892e+01 4.966855956861937216e+01
1.853961408252047534e+02 3.594556650535121634e+01 4.976457743895391417e+01
1.855804424700192783e+02 3.618460316901938967e+01 4.995486098896589056e+01
1.856909711927124818e+02 3.637129355559017796e+01 5.016060184231289298e+01
1.855927312565016223e+02 3.653621305700315247e+01 5.023951491455976281e+01
1.853966743555338894e+02 3.672420837332716559e+01 5.029274901292701117e+01
1.847494023957773095e+02 3.723327671378820014e+01 5.028845480570952731e+01
1.841207051646071022e+02 3.776994540736757955e+01 5.038735306976767703e+01
1.837174433427643407e+02 3.820428599905857681e+01 5.053616029026730416e+01
1.838487914742355827e+02 3.829281601830587078e+01 5.057045866856962135e+01
1.840289949025658132e+02 3.826044739491462821e+01 5.064149023312846509e+01
1.841452098692222421e+02 3.818297577588040781e+01 5.056523057388432107e+01
1.842751098469429678e+02 3.811080847014994077e+01 5.048358535731455987e+01
1.843857214887925124e+02 3.814105218546418996e+01 5.049365794089120385e+01
1.844138176817143915e+02 3.819206170525338706e+01 5.052333881102305213e+01
1.844065660245876188e+02 3.822097620136456442e+01 5.049437238574326869e+01
1.843882961704750869e+02 3.839034569750086945e+01 5.049026076818316255e+01
1.841353684542026485e+02 3.852464206564182092e+01 5.049702328604428914e+01
1.837138367782473836e+02 3.870856345493134398e+01 5.043363619764576811e+01
1.831937703424142398e+02 3.875562049493522920e+01 5.034826129417538709e+01
1.828042278718924081e+02 3.868424887807869084e+01 5.021994599366464485e+01
1.826878981585246891e+02 3.834850167597203807e+01 5.003814029921252171e+01
1.826707112788479037e+02 3.804567002866155434e+01 4.981888027311392619e+01
1.826443639263141847e+02 3.798811073308910125e+01 4.978533067992032812e+01
1.828279502887094168e+02 3.811642519603260837e+01 4.984205240825707506e+01
1.830179390150544236e+02 3.811778205495446059e+01 4.990309347082837377e+01
1.832263927486779096e+02 3.795448157100810960e+01 4.994654143361358223e+01
1.832003812606056954e+02 3.776203039699012010e+01 4.988662438627260798e+01
1.832442882102360784e+02 3.768354950943687243e+01 4.988676928540438382e+01
1.833016657537183676e+02 3.758018449931068261e+01 4.987161266870698029e+01
1.833629848886119191e+02 3.754672536337854183e+01 4.988676928540438382e+01
1.831662369946747617e+02 3.769174510483829010e+01 4.981133462988741201e+01
1.829834295698087203e+02 3.779284700829359167e+01 4.982231346121309912e+01
1.829605371821222946e+02 3.793400556479671337e+01 4.985407484835845082e+01
1.830600058294679684e+02 3.806148497320622681e+01 4.998988135022538870e+01
1.832494618630510672e+02 3.820904254339016859e+01 5.014654327626150376e+01
1.836975888114418467e+02 3.819869691289468250e+01 5.028325770101194792e+01
1.838871068250003873e+02 3.820836830176542520e+01 5.031668752209083806e+01
1.839652845132143000e+02 3.832055792028705099e+01 5.045560391110396381e+01
1.839640298374952181e+02 3.838252616978827803e+01 5.049617985583793001e+01
1.839585605234460104e+02 3.837918595165226776e+01 5.051554608546201308e+01
1.837770672415728086e+02 3.834442356110136529e+01 5.042044786395227618e+01
1.837644668800787997e+02 3.819585504726391889e+01 5.031128018801709345e+01
1.837476493675529809e+02 3.803388713278958733e+01 5.023036951791304716e+01
1.836300566027937862e+02 3.792566171999457225e+01 5.021111217202960830e+01
1.830003341893270488e+02 3.805516301571108784e+01 5.005051367998566292e+01
1.828183124025281074e+02 3.812723651391115709e+01 5.012708240153978068e+01
1.827079252286977464e+02 3.828808125072239932e+01 5.029909693500646028e+01
1.827219645307027065e+02 3.850411077999286391e+01 5.041199932324567357e+01
1.828837917338814236e+02 3.847820063755617781e+01 5.043357673037203170e+01
1.829976757509209051e+02 3.846256744510165504e+01 5.044519043766238298e+01
1.833496516557866585e+02 3.813392030045211811e+01 5.055495948687281071e+01
1.836266736687287562e+02 3.804344628765073821e+01 5.064334460698832885e+01
1.838402340497883358e+02 3.795195965606139055e+01 5.069267061663374818e+01
1.839877581172828513e+02 3.803555556672311866e+01 5.073577015144891078e+01
1.841051657796829772e+02 3.809336780760075669e+01 5.082076144912532811e+01
1.842030832525080939e+02 3.815680850030236115e+01 5.075301817353388145e+01
1.842441332602974740e+02 3.813637018461656680e+01 5.066972294950976874e+01
1.843405824777584030e+02 3.815835381185224406e+01 5.056877097058966086e+01
1.842931803600534124e+02 3.818237272747069966e+01 5.056177309633530825e+01
1.842122420502305715e+02 3.846966331472258815e+01 5.073354892313980713e+01
1.838989550511167295e+02 3.880612579924853378e+01 5.078009337199543438e+01
1.836526767811286049e+02 3.872126013665747024e+01 5.058475845398489668e+01
1.833581429124222950e+02 3.835904580990239054e+01 5.020668646675611768e+01
1.830899555586824761e+02 3.811594694514101889e+01 4.995835866974221062e+01
1.828048451589451417e+02 3.811135540155486012e+01 4.986737374092705011e+01
1.827947323721411692e+02 3.815188946792703462e+01 4.997639149232704625e+01
1.826985972423936460e+02 3.806779771746177232e+01 5.003750458568061532e+01
1.825586598589201799e+02 3.781629805332622851e+01 4.985027648094450825e+01
1.823283690723272912e+02 3.744068013809808804e+01 4.957897924005849433e+01
1.821752877462238303e+02 3.729775263959314202e+01 4.948934363206006282e+01
1.821102774525224959e+02 3.750078396293262273e+01 4.945159447674662090e+01
1.820043352480120404e+02 3.771440381126594588e+01 4.949374588545095577e+01
1.819721056607819207e+02 3.784333472369494444e+01 4.952435310494549725e+01
1.821441804990895719e+02 3.793166205167119642e+01 4.959862437957207248e+01
1.824353691242564537e+02 3.793859710838287214e+01 4.963169823457577934e+01
1.827208296270983112e+02 3.797788738741002135e+01 4.967371395738793183e+01
1.839768186516172648e+02 3.729621402858114720e+01 4.990583650352532175e+01
1.844763445885618580e+02 3.706551953458063764e+01 5.008747384696306426e+01
1.844543115448592516e+02 3.713424611410680853e+01 5.021133747761601285e+01
1.843036298488861178e+02 3.749204981179864404e+01 5.046194680777999508e+01
1.836989657719773561e+02 3.809772399479368232e+01 5.050687475187070419e+01
1.833466473021121885e+02 3.836430573214264683e+01 5.043975881413880558e+01
1.830608785745275782e+02 3.833448750098413882e+01 5.029130839728158975e+01
1.828197505054718306e+02 3.835852903091795696e+01 5.021039018907242735e+01
1.824523533126621828e+02 3.851511138806667844e+01 5.026370888173048002e+01
1.823771657394797501e+02 3.862528330711747770e+01 5.037993557432822911e+01
1.826517345179884444e+02 3.856333097139372512e+01 5.042224947107629163e+01
1.830592662575988356e+02 3.825996746888856848e+01 5.033242457288258720e+01
1.830650638980044107e+02 3.818091787318226693e+01 5.030372868181993340e+01
1.824857554940222713e+02 3.852050783376635223e+01 5.044584876550965191e+01
1.816475676209907704e+02 3.909382763201315925e+01 5.062865870307739158e+01
1.812361839096633389e+02 3.947453963116889497e+01 5.077063137493362177e+01
1.815727318260473453e+02 3.934894558660696617e+01 5.076544180834116560e+01
1.823213820864469881e+02 3.864350206962863865e+01 5.054795239937885754e+01
1.825509776922342553e+02 3.822508530622295808e+01 5.034529211832479945e+01
1.827922632239302914e+02 3.810922128023827327e+01 5.034260520263264027e+01
1.830664081934177148e+02 3.820961878964833858e+01 5.046774947358899510e+01
1.835763878070312103e+02 3.790578457435670856e+01 5.043087892630580882e+01
1.840485629858936818e+02 3.738922335740501524e+01 5.020160075850088788e+01
1.840770268708320430e+02 3.722422093683570665e+01 5.008658016272256219e+01
1.840188000341727559e+02 3.736543226007467666e+01 5.012642909909592959e+01
1.837965440300720275e+02 3.767368464253468119e+01 5.025209433687289362e+01
1.837133643903264328e+02 3.789950030738717857e+01 5.032490740694209563e+01
1.836764192995592850e+02 3.797690492104253934e+01 5.034025080113305961e+01
1.835886070754329751e+02 3.802450219191345582e+01 5.030911926454896133e+01
1.835939122263039565e+02 3.797538473650972435e+01 5.044797199845217506e+01
1.836018314245175986e+02 3.806558235212331454e+01 5.059517946553159362e+01
1.836872800339047274e+02 3.808900240716823760e+01 5.071748689626059559e+01
1.837557101146294656e+02 3.801864257153243187e+01 5.065915871396576620e+01
1.837211386894082921e+02 3.799831816499069248e+01 5.072744808339489708e+01
1.836720832139799882e+02 3.811691433529826867e+01 5.069027601190685317e+01
1.835094552965239245e+02 3.830507381480047968e+01 5.063962832116347812e+01
1.833179003194481425e+02 3.841308229768144855e+01 5.061688418287778291e+01
1.830144865629088429e+02 3.851733094124130474e+01 5.052757690123574719e+01
1.825745099812887418e+02 3.855587913569761582e+01 5.041329587732655426e+01
1.822820825941802525e+02 3.848313893397792640e+01 5.020944792593225259e+01
1.822041402623595729e+02 3.847482775429797641e+01 5.015816535922421338e+01
1.822797415937564267e+02 3.851348148222598411e+01 5.018010627053086381e+01
1.823882827693993249e+02 3.861063174346320892e+01 5.023845455443935748e+01
1.825111153547851188e+02 3.860001139091440336e+01 5.025296875706697364e+01
1.823607561221976994e+02 3.848483333249576788e+01 5.011871175458610139e+01
1.821610348645737645e+02 3.844477584188070551e+01 5.004161369053900899e+01
1.818564686155181107e+02 3.874483095380481501e+01 5.015335939842570667e+01
1.817039710737779501e+02 3.899869842051570856e+01 5.028261444937492541e+01
1.820224401013791464e+02 3.895442629157055592e+01 5.036609142548918072e+01
1.823938366777393014e+02 3.863486842656294584e+01 5.023285039206522384e+01
1.824937819008420945e+02 3.844183179304718578e+01 5.007152572922791478e+01
1.825122519335239701e+02 3.839761829380853442e+01 5.013056919394204414e+01
1.826095454187585005e+02 3.854585848128958503e+01 5.022603929530443168e+01
1.827524268510654792e+02 3.854184150882711890e+01 5.024378902016359660e+01
1.830485747118349877e+02 3.818777587370826154e+01 5.010917605160754107e+01
1.832820365279822852e+02 3.785189131057495615e+01 4.993987942382074863e+01
1.835058286303932960e+02 3.779473488484288168e+01 4.994272296458598248e+01
1.836306127474383061e+02 3.784963239174024352e+01 4.995990481885933576e+01
1.836138915551445905e+02 3.806087941209480618e+01 5.010289429733971645e+01
1.837185263172001157e+02 3.820701814338146107e+01 5.020888843101879928e+01
1.837866858637077030e+02 3.804692219167893796e+01 5.016649999078676103e+01
1.835409788145743448e+02 3.794403627001157275e+01 5.003575742042692553e+01
1.833326507160362269e+02 3.827129975358771929e+01 5.020462186352009581e+01
1.832939735362256215e+02 3.866740456340132681e+01 5.045664165690900660e+01
1.836114332953077906e+02 3.870538069943565063e+01 5.049209755313107451e+01
1.837454993324589054e+02 3.858135374317173216e+01 5.033691644596770232e+01
1.837456216172753329e+02 3.839212720301122062e+01 5.021698770618811380e+01
1.837646461194672440e+02 3.842119329879206191e+01 5.017583216492703713e+01
1.839452180773811563e+02 3.859133838218863133e+01 5.029652057818941557e+01
1.845459774158370578e+02 3.858557424447247541e+01 5.039602775362791931e+01
1.852130603534198769e+02 3.830608308331951406e+01 5.034220149522502652e+01
1.856549775783250880e+02 3.782678104484837434e+01 5.013136404524873058e+01
1.855730224618781392e+02 3.770354307692049645e+01 5.001229967485640060e+01
1.849345926994289471e+02 3.815404787869346137e+01 5.017677024023103627e+01
1.839611109156787450e+02 3.914268711670829504e+01 5.073431864742942565e+01
1.833579343581806143e+02 3.961196850077139686e+01 5.104713409618957343e+01
1.833610308442510188e+02 3.948738958769915541e+01 5.097821738890089449e+01
1.835193729301619783e+02 3.891780366418914383e+01 5.068204272597982651e+01
1.836492971973325155e+02 3.854643640268222526e+01 5.045231645970380185e+01
1.838650444664445445e+02 3.828225010762739089e+01 5.031095186166069766e+01
1.840390884253233423e+02 3.829287213531065959e+01 5.026695864260503299e+01
1.841999013345796357e+02 3.811413026180676411e+01 5.010196878554425837e+01
1.842890210011608758e+02 3.786429484376858312e+01 4.996058492345473212e+01
1.843893314035784101e+02 3.773581621764687100e+01 4.987770094494335638e+01
1.845328644631947839e+02 3.793577618193300793e+01 5.005412526990604505e+01
1.848001003405548488e+02 3.812997284607021697e+01 5.019723619563560391e+01
1.852887471166747844e+02 3.802064854506195246e+01 5.036666767174735071e+01
1.854359529086197256e+02 3.785189801111284424e+01 5.031541106962361454e+01
1.854576174227386218e+02 3.761017275661803438e+01 5.018241125556354376e+01
1.849667862712679209e+02 3.776167861875111953e+01 5.011218040528203232e+01
1.843286613832925411e+02 3.849791026974690311e+01 5.036820795789382288e+01
1.837620638996795606e+02 3.913349314116190669e+01 5.066448647915211723e+01
1.836839858819666631e+02 3.942997184098953767e+01 5.078447301107096479e+01
1.838716076433035767e+02 3.907800096152718794e+01 5.068393981576870999e+01
1.840701144284357440e+02 3.820374158035536283e+01 5.021345736028959550e+01
1.838255397702050402e+02 3.775030948109359485e+01 4.982445847090374969e+01
1.838244526079330967e+02 3.738317947223213622e+01 4.961744702806017671e+01
1.843439335842684841e+02 3.690763308524591935e+01 4.941954245377047528e+01
1.848404400913283325e+02 3.650541487217886072e+01 4.931628548981769455e+01
1.850680205103464573e+02 3.614939100486291323e+01 4.933628240757026617e+01
1.852160487933168724e+02 3.589642057266146935e+01 4.935291900557317035e+01
1.853628793551402225e+02 3.572662810507113562e+01 4.933972313377456231e+01
1.854309559824914970e+02 3.570395013459705780e+01 4.935463769354085173e+01
1.854931863905374883e+02 3.572953865121522909e+01 4.938830035831126253e+01
1.856047319198548564e+02 3.551446227345900297e+01 4.954214638330091702e+01
1.856715078052890817e+02 3.533491633540882759e+01 4.964092152497541832e+01
1.856222152983330602e+02 3.524397244738821655e+01 4.964265612672057415e+01
1.854437255325671288e+02 3.538157050557233418e+01 4.973874854053909189e+01
1.852605613040586832e+02 3.578691200686134977e+01 4.998074935465444213e+01
1.851899058071886657e+02 3.609736886628574126e+01 5.014855846303061782e+01
1.852352207073422790e+02 3.602020882226320708e+01 5.011562196905356359e+01
1.853096243175920961e+02 3.561330442051235678e+01 4.992520692098558044e+01
1.852190648729326767e+02 3.534155824358800402e+01 4.969935021533853359e+01
1.851502846891034153e+02 3.522382476753321612e+01 4.961655753165585025e+01
1.851574517519393908e+02 3.540368144302784259e+01 4.962388205713213551e+01
1.849713175100131082e+02 3.583858152963229315e+01 4.982425996746889041e+01
1.848622176770240344e+02 3.602164357493797553e+01 4.986687203815286296e+01
1.845846035040462993e+02 3.606027217584891531e+01 4.985723415197154651e+01
1.842292681169980995e+02 3.616998259535284177e+01 4.980054173848805732e+01
1.838766908388570869e+02 3.651708218377230253e+01 4.985272887781066942e+01
1.836280673806089681e+02 3.686113470258825231e+01 4.995671452525851208e+01
1.835314305480872576e+02 3.704363139000983551e+01 5.002970850985062867e+01
1.834616067554823076e+02 3.721315667365198010e+01 5.011988434871609144e+01
1.834004844488891308e+02 3.736034152641603612e+01 5.021333842574212980e+01
1.834318999207661420e+02 3.751875648067648683e+01 5.007441868646005645e+01
1.834213733757477485e+02 3.748620024222444158e+01 4.994392822383817077e+01
1.833158298532414676e+02 3.736846425346794831e+01 4.974240033368678837e+01
1.832569932676345559e+02 3.734203398177788813e+01 4.969063784095268232e+01
1.833216693720088415e+02 3.740848824139357731e+01 4.969116718344564987e+01
1.836862623897133346e+02 3.730488201190350850e+01 4.964097345414403151e+01
1.839038054029787190e+02 3.713254836532002656e+01 4.956393904520685112e+01
1.840290619079446515e+02 3.698257273852658500e+01 4.953968561076240462e+01
1.839654051228962430e+02 3.705457504351161901e+01 4.960474615849787483e+01
1.837903661341414079e+02 3.742857310370590085e+01 4.980507046453153919e+01
1.837303385279253405e+02 3.776553896614050387e+01 5.004287757949769144e+01
1.839187802675859871e+02 3.783732517877872681e+01 5.020771834959051461e+01
1.840664835744689469e+02 3.772739866692798927e+01 5.017939768864945904e+01
1.840617044158219926e+02 3.755315201677814940e+01 5.012014566969363472e+01
1.838180460561471534e+02 3.761405655589002350e+01 5.006487377024190266e+01
1.833953945527977396e+02 3.794985401203081921e+01 5.031653340971946875e+01
1.831693008156229610e+02 3.820295259201932225e+01 5.047576247933302795e+01
1.831427432337130767e+02 3.824985133181566255e+01 5.053160894990845264e+01
1.831104860067642051e+02 3.815926843527363843e+01 5.044535627597505112e+01
1.829026931136897076e+02 3.801783850698614486e+01 5.026333448917611690e+01
1.821868612502868530e+02 3.778348133146388221e+01 4.995974400595007836e+01
1.815946434225007522e+02 3.792824393978226283e+01 4.991808089894416156e+01
1.810893416218987113e+02 3.823883145969542596e+01 5.001411552062342025e+01
1.806833124779091690e+02 3.853731362035087216e+01 5.015249502903845524e+01
1.802411364447281130e+02 3.871196146520662040e+01 5.024160213211115433e+01
1.797105191744267358e+02 3.880343888355637461e+01 5.006088778776716453e+01
1.791576820829291989e+02 3.900446590850080497e+01 5.001597156961775426e+01
1.785759447339635244e+02 3.930654793313533446e+01 5.004856633616263650e+01
1.780759539472031179e+02 3.980943837766576365e+01 5.013488266520595005e+01
1.780491869734842965e+02 3.999978558278765917e+01 5.028859132916895192e+01
1.791737005563121556e+02 3.926885070699050573e+01 5.013995078454922805e+01
1.802569111860454711e+02 3.860612060633167175e+01 4.998069742548582894e+01
1.810540649650650664e+02 3.812484944728937819e+01 4.983067489492719204e+01
1.817294858844793737e+02 3.795637866079699307e+01 4.982392410300737140e+01
1.822169801680829835e+02 3.777736290280702036e+01 4.979595522030530930e+01
1.821059053515521100e+02 3.804654193615392188e+01 4.975808294260821896e+01
1.821005918250087632e+02 3.790279445932522151e+01 4.958386895758057022e+01
1.821607216144275867e+02 3.765786969799000872e+01 4.939226456403788035e+01
1.818783391711769752e+02 3.752462280159539887e+01 4.917588493166289254e+01
1.814988491826181303e+02 3.762359979697369994e+01 4.915722309608403862e+01
1.806334152474089763e+02 3.829587565141791572e+01 4.915148659808666309e+01
1.800003710422854226e+02 3.875591531860219874e+01 4.920547450696604841e+01
1.796186279978625180e+02 3.909237529042643899e+01 4.930321190283549981e+01
1.793804749676280323e+02 3.947172540525690465e+01 4.943133875071821137e+01
1.794033212891164908e+02 3.971854558124653778e+01 4.957004407278794389e+01
1.805533932361420284e+02 3.924455539418426753e+01 4.966310616834766734e+01
1.810852099027249551e+02 3.885386545654952783e+01 4.962758326674673981e+01
1.814712680935462004e+02 3.877595327714931983e+01 4.962733450927773049e+01
1.818339690468652350e+02 3.875054986289024583e+01 4.975773702733987136e+01
1.820207758552817836e+02 3.879660014707680915e+01 4.987525441104784818e+01
1.820295033058778813e+02 3.880919799586911978e+01 4.992400752470404512e+01
1.813328182294833653e+02 3.924884625113281089e+01 5.002813807128367074e+01
1.807363782252620297e+02 3.950800044223549889e+01 5.000890417728282955e+01
1.807470739588620461e+02 3.960121078719593868e+01 5.007712570376587280e+01
1.809958280775989294e+02 3.951174855561529853e+01 5.011123060403674145e+01
1.811987990960974457e+02 3.946910046954019435e+01 5.004617340657021174e+01
1.813928483484011736e+02 3.945032137454834498e+01 5.005755510773627037e+01
1.815108883740642227e+02 3.941522982007380449e+01 5.008339908236133908e+01
1.813799782902572417e+02 3.939264565713012445e+01 5.004706039027282571e+01
1.811451269500659293e+02 3.970804248811073478e+01 5.017243331708452558e+01
1.811370888173048002e+02 3.993921607057006185e+01 5.021844004777483406e+01
1.815145920963805395e+02 3.968517187717244354e+01 5.011036288438054243e+01
1.817787247871322904e+02 3.907730494315431002e+01 4.966910147462087366e+01
1.816223735985406336e+02 3.860448064968415594e+01 4.924013220161248228e+01
1.813771188357145263e+02 3.835417619399397182e+01 4.902700065497757720e+01
1.819307298393378574e+02 3.801068735792765807e+01 4.927928511961297886e+01
1.820100985481609541e+02 3.807019483489037270e+01 4.952978556603631688e+01
1.820558950494750832e+02 3.809609660165470046e+01 4.957185824342049330e+01
1.821375921952134718e+02 3.794862865116497375e+01 4.951535847040121041e+01
1.825154020238974795e+02 3.771987145018066201e+01 4.950981880070422392e+01
1.837835424738721031e+02 3.687421163983938754e+01 4.953633785452127114e+01
1.842068497923670805e+02 3.654463312042373957e+01 4.958482127152757357e+01
1.844308722257679278e+02 3.646832404471268774e+01 4.961771002417219023e+01
1.845434337241422043e+02 3.665485696864315912e+01 4.986816440439756093e+01
1.846493951926991031e+02 3.677841488725507446e+01 4.998540371578328489e+01
1.839210911155892916e+02 3.720377173277584859e+01 4.992538532280678965e+01
1.834991766714072980e+02 3.736805719579139407e+01 4.980243799070970567e+01
1.833119778815244274e+02 3.727153427241371730e+01 4.964726442165144960e+01
1.832073858353979290e+02 3.705916239926160216e+01 4.952590762973497363e+01
1.829865478326272523e+02 3.723710104578645286e+01 4.959516522688858942e+01
1.815838739829839881e+02 3.843758365202766925e+01 4.969377955565383331e+01
1.805919079279089203e+02 3.932693934505592637e+01 4.990104478136982635e+01
1.801604234404916838e+02 3.965120015009205190e+01 4.992170337723860740e+01
1.799857956972495856e+02 3.969098208108655967e+01 4.988509080066402390e+01
1.801310960237333063e+02 3.957531572096949901e+01 4.978858630376553407e+01
1.806591369372176246e+02 3.911950158048937709e+01 4.972044518373712663e+01
1.808608767318796424e+02 3.897085936073518297e+01 4.970475503671057282e+01
1.810093095598249135e+02 3.900893600483778556e+01 4.976840679635557763e+01
1.810119445463484453e+02 3.905119462214829440e+01 4.972923712701037147e+01
1.809035725592871984e+02 3.897517450713355913e+01 4.962867210415316066e+01
1.807886466086065127e+02 3.880409972410535602e+01 4.944782458661869384e+01
1.808108572165630505e+02 3.867166694306385466e+01 4.937270401881511361e+01
1.808801784688265855e+02 3.853482269539187399e+01 4.926904837285812988e+01
1.809876676600214012e+02 3.835814710025847063e+01 4.918185427335179583e+01
1.810605711873520534e+02 3.837730058780468312e+01 4.914394849296527212e+01
1.822230089770456232e+02 3.795290024406709506e+01 4.951641296755096988e+01
1.824622357684763188e+02 3.811131687346201602e+01 4.990772689277631713e+01
1.826707983858404134e+02 3.829449785331517830e+01 5.018748607544470985e+01
1.833247080659400012e+02 3.811449544112153376e+01 5.023970336718780061e+01
1.841293882241396886e+02 3.741254709221782804e+01 4.990094343573430535e+01
1.842122864412940828e+02 3.682551883102416213e+01 4.930353939162466048e+01
1.842953295575802315e+02 3.643720674677159366e+01 4.904779074890236501e+01
1.842717796796137861e+02 3.642434590186726950e+01 4.901415991168691022e+01
1.839962476987840319e+02 3.681019302574514285e+01 4.919817343337236082e+01
1.837322892220173003e+02 3.731129945206351550e+01 4.948997096991961087e+01
1.833743716151814169e+02 3.785150602964652933e+01 4.985708255230188257e+01
1.832458377096221511e+02 3.813294034678634148e+01 5.006610499407840109e+01
1.832175614397445713e+02 3.819919526539992916e+01 5.010919950349014584e+01
1.831958491842932801e+02 3.814346019126685405e+01 5.009430755803921897e+01
1.833621255446280998e+02 3.810734261692857672e+01 5.007371680511653267e+01
1.836664463864836705e+02 3.804685518630007834e+01 5.001678233470191515e+01
1.839175054902532338e+02 3.799036295138592578e+01 4.990397040372415915e+01
1.839924627324458584e+02 3.774466762819385224e+01 4.977934542445395039e+01
1.843336750607655006e+02 3.740653670973437528e+01 4.969160858137887260e+01
1.851074372620261954e+02 3.679223558421152518e+01 4.935973345260291012e+01
1.853157025430216436e+02 3.553876428680312216e+01 4.866826809522134312e+01
1.851071390880902925e+02 3.457046704424197969e+01 4.795979174728251593e+01
1.852190020553900069e+02 3.459869724792157797e+01 4.809783036583261406e+01
1.859872781912567916e+02 3.542204510467077938e+01 4.899931989540460364e+01
1.863537197198505169e+02 3.597727847602966023e+01 4.952142999529286982e+01
1.864989002742195225e+02 3.614613705615218464e+01 4.972166803190125961e+01
1.866178842381572167e+02 3.563041675670514508e+01 4.952030346736083999e+01
1.868236401677144727e+02 3.487020304304927976e+01 4.911740766240009748e+01
1.869142733182906397e+02 3.460281724115403534e+01 4.896395278130952278e+01
1.869110135066092369e+02 3.469637936435347569e+01 4.905099360601172265e+01
1.866057956302442165e+02 3.499437071060879134e+01 4.924326051523786418e+01
1.862346377605462351e+02 3.529559674152842774e+01 4.934517067107562127e+01
1.853625878817422006e+02 3.542679829873343067e+01 4.920085699879557950e+01
1.845367080592394586e+02 3.545768945352087798e+01 4.896681726125564893e+01
1.840012622138242193e+02 3.541484118887643717e+01 4.875443031189328735e+01
1.842821923154881176e+02 3.517223481364966631e+01 4.875389426886243172e+01
1.844173195503269085e+02 3.494309903227481584e+01 4.872272755445443693e+01
1.845965237609449048e+02 3.460712484944728828e+01 4.854201823551385786e+01
1.845369182886156239e+02 3.423404560051058354e+01 4.825293274167583490e+01
1.841702070633720041e+02 3.399809872237494091e+01 4.798661400043888392e+01
1.844241624746426567e+02 3.369719850510999493e+01 4.785601130380741353e+01
1.846678543370069008e+02 3.396985511761956644e+01 4.818601363224432532e+01
1.848863840044759570e+02 3.429726768816366445e+01 4.852633478902519215e+01
1.850577242963179003e+02 3.438963544048498733e+01 4.864480699938187769e+01
1.848762661922685879e+02 3.432734640273248061e+01 4.850754564322650708e+01
1.848803568706478018e+02 3.414244003437375596e+01 4.825696981575195821e+01
1.847546958207070134e+02 3.405783401762576545e+01 4.812667031845981569e+01
1.847284188238210731e+02 3.420675682240391779e+01 4.819869942559638787e+01
1.846043525018970968e+02 3.436513827397494225e+01 4.824488120783895795e+01
1.842714815056778548e+02 3.460042514912884570e+01 4.826769067636904254e+01
1.839368968468943706e+02 3.498446731561376311e+01 4.839202083197228887e+01
1.847894649117957897e+02 3.467329601133730677e+01 4.869466821449091753e+01
1.853133121261309384e+02 3.432253709166503342e+01 4.885203369700502662e+01
1.853448255933745088e+02 3.427974159375644092e+01 4.884906452115443898e+01
1.850865424721969532e+02 3.438141053023031191e+01 4.888519130873230978e+01
1.848676970418800352e+02 3.479749969428795708e+01 4.915976092480823922e+01
1.855401638616540083e+02 3.466445130132821362e+01 4.937392770454648172e+01
1.860752101874977882e+02 3.440427862846689777e+01 4.942567930890652406e+01
1.864317474835292501e+02 3.384918178056743443e+01 4.926461680461399339e+01
1.864815224292130154e+02 3.354446225670766069e+01 4.907089587866666136e+01
1.864140262359561007e+02 3.322907463896664382e+01 4.881818592987551853e+01
1.858800628845480674e+02 3.300288374399254820e+01 4.832341402456081880e+01
1.856028306422298044e+02 3.275357599331286451e+01 4.794609836054589636e+01
1.857676454477383174e+02 3.252134372586759525e+01 4.786110790043670704e+01
1.859201396392095376e+02 3.212424472374519979e+01 4.759596426603145858e+01
1.875507867269045050e+02 3.066320500128147941e+01 4.770924272195950522e+01
1.885559109632525860e+02 2.989384589097889844e+01 4.790274755556001907e+01
1.891296554080878707e+02 2.941399943380454829e+01 4.802285134689186918e+01
1.892356487041997184e+02 2.899829052527191564e+01 4.782934651329135534e+01
1.887535416530562031e+02 2.857681747902312708e+01 4.728129109314249945e+01
1.886844381682739709e+02 2.753815956325894021e+01 4.672154155924867069e+01
1.884235870659517218e+02 2.656672228113111700e+01 4.612868383009445949e+01
1.882976722331385133e+02 2.610987625781659460e+01 4.583790310017136704e+01
1.880375766164628999e+02 2.566517914725604754e+01 4.544114163764496084e+01
1.882297522308603277e+02 2.515816117138803421e+01 4.526362847527585132e+01
1.894452063514398503e+02 2.443635912872905891e+01 4.582737823028743662e+01
1.900572292940815942e+02 2.419439265487037005e+01 4.631852430703875001e+01
1.901254030792321714e+02 2.424494486294887352e+01 4.655658269217561696e+01
1.898749026328088405e+02 2.420387810381478388e+01 4.653719301066892911e+01
1.894729155882988607e+02 2.396810795236587666e+01 4.625754689957736332e+01
1.890692609474225492e+02 2.408772511713377895e+01 4.614305564629200518e+01
1.889627801871795327e+02 2.444661681466479664e+01 4.628122827559982255e+01
1.886082815297997968e+02 2.453141379674253386e+01 4.611798642135997284e+01
1.872499819923044413e+02 2.430435601967948145e+01 4.527567939266324260e+01
1.856927510230883911e+02 2.391727850953235190e+01 4.426100437712637614e+01
1.850536394809093395e+02 2.343291924009199789e+01 4.384397211236132108e+01
1.855871505460100934e+02 2.313003315091118850e+01 4.404460548070496628e+01
1.872008586739300426e+02 2.309059881031949857e+01 4.496050535456733854e+01
1.886123454060274582e+02 2.344881375352406394e+01 4.594839245720450549e+01
1.895179164007390682e+02 2.419683081309351991e+01 4.694920992282655448e+01
1.899600271036757420e+02 2.538621062805816564e+01 4.778348970713624055e+01
1.900098397398851091e+02 2.617722503924002453e+01 4.831758455660028062e+01
1.898041223384207115e+02 2.623278003641742373e+01 4.824445237341427628e+01
1.895161139560478318e+02 2.576272474022852066e+01 4.774306452450470317e+01
1.891611906520795969e+02 2.533939899525434569e+01 4.731481388418455225e+01
1.888130717443342803e+02 2.526280347154867911e+01 4.676893530128131005e+01
1.884724532511847315e+02 2.545909321620793264e+01 4.653039112714773040e+01
1.879610522859722437e+02 2.572869857127781046e+01 4.636798097717294098e+01
1.874661363190930103e+02 2.570335797456140625e+01 4.602485899555586712e+01
1.872090316550161049e+02 2.553786976499538497e+01 4.578589017483378143e+01
1.869488405556756163e+02 2.554285245248062353e+01 4.588004613320334357e+01
1.871358500553631927e+02 2.532757422102059408e+01 4.591558662371621580e+01
1.873367355314447877e+02 2.549881735506317781e+01 4.618066074004090638e+01
1.878888690664643093e+02 2.608193752753502181e+01 4.686290699485901001e+01
1.882718584109339304e+02 2.653760425618166607e+01 4.733921138019354657e+01
1.888370764213097175e+02 2.646998912837728213e+01 4.745198729578017094e+01
1.892145260960823521e+02 2.636713503426487648e+01 4.745046543611288570e+01
1.893979106047737844e+02 2.637262780019666053e+01 4.752903761849482578e+01
1.895388287794802693e+02 2.639159367268207390e+01 4.762687217216362257e+01
1.897043680806476686e+02 2.642914934996406728e+01 4.766920700809257738e+01
1.898886998778826865e+02 2.651579065509483613e+01 4.766626463439352790e+01
1.899752255987349372e+02 2.655722091840922516e+01 4.762985307395550905e+01
1.900026266108511948e+02 2.664558258664214208e+01 4.762457388766883071e+01
1.902444406474729703e+02 2.669215383764931815e+01 4.770141733127626793e+01
1.903643995396730588e+02 2.665101253503124923e+01 4.772646896729634847e+01
1.903487269815584568e+02 2.641246333549425529e+01 4.751822797575075441e+01
1.906604477299415237e+02 2.612698440617320728e+01 4.742082979461176251e+01
1.911645752612791114e+02 2.607335581363793864e+01 4.758037462707319065e+01
1.916035811024730151e+02 2.617726775516904780e+01 4.786612827844755458e+01
1.918461849649980593e+02 2.609221280238271135e+01 4.791822161023976179e+01
1.909602465462915006e+02 2.646080520363772237e+01 4.759176889174778324e+01
1.905159112647767756e+02 2.695756381843552418e+01 4.763133138012653944e+01
1.906719358021465212e+02 2.762980281992136966e+01 4.812158628533905613e+01
1.910195052657851988e+02 2.819097454298143646e+01 4.868440801585347089e+01
1.911469210190848003e+02 2.861088636390286055e+01 4.903005526268621139e+01
1.905663269493958580e+02 2.911926622409614041e+01 4.887635832466451546e+01
1.900833262140118336e+02 2.906272038487889731e+01 4.850188703898205489e+01
1.896776622493370610e+02 2.880188268363242798e+01 4.814170632547527617e+01
1.894840468568614256e+02 2.880762336946598268e+01 4.807585343913482490e+01
1.892345741054363089e+02 2.901436762836136651e+01 4.819976648625468130e+01
1.896768397583115870e+02 2.865430166156588143e+01 4.847442404689036266e+01
1.894156695428725641e+02 2.836595992743317396e+01 4.832065089025021365e+01
1.888389249321989212e+02 2.770804500081244015e+01 4.761496112850458928e+01
1.888374826414190295e+02 2.701645903374893365e+01 4.713066886444309489e+01
1.895191023959448273e+02 2.676802905353227402e+01 4.723871085001348291e+01
1.906539817108818511e+02 2.638250941844356490e+01 4.790336903044892125e+01
1.912995207440277170e+02 2.631507185489315148e+01 4.830379149936261030e+01
1.915266932678020737e+02 2.612170857015546943e+01 4.836350334273083718e+01
1.913417500464849752e+02 2.593689852202885504e+01 4.817583384006151448e+01
1.911175567493680489e+02 2.590991043055981180e+01 4.807714999321570559e+01
1.908024120261254097e+02 2.641935400114244104e+01 4.803659917549881442e+01
1.904813733422450355e+02 2.680934540770260455e+01 4.805447704814503851e+01
1.900984878561126550e+02 2.719913831082790168e+01 4.808961299368306896e+01
1.897486343466221683e+02 2.756736637033537818e+01 4.810772622272252619e+01
1.894589424541055109e+02 2.788754989806806606e+01 4.808558848311547962e+01
1.892727520951744395e+02 2.783981694130496365e+01 4.790536244046990788e+01
1.891875246035375540e+02 2.774927676069196281e+01 4.770540750158718879e+01
1.894085217440830036e+02 2.752829218365504360e+01 4.765619037568240657e+01
1.896649705930143455e+02 2.721942251414232317e+01 4.753557064293335799e+01
1.894594885479431809e+02 2.648666174177132149e+01 4.695160285241897924e+01
1.891844256047654085e+02 2.588337295026358120e+01 4.639448244207803640e+01
1.892649099531464856e+02 2.593706603547599698e+01 4.648078955788175648e+01
1.898959465096060626e+02 2.618884042166484960e+01 4.696178683243797281e+01
1.900868104937123917e+02 2.603715280744161831e+01 4.697918729175984254e+01
1.892387694797199913e+02 2.558025569252571785e+01 4.619484159090870889e+01
1.882758251293622607e+02 2.510245289940650082e+01 4.564550636802369610e+01
1.880358219131040869e+02 2.512492315320612235e+01 4.566388845614581982e+01
1.884430027120426985e+02 2.535326157057257745e+01 4.607489023681375784e+01
1.891421242715258870e+02 2.537583819541113783e+01 4.647667794032165745e+01
1.893550271623054471e+02 2.522053480343134524e+01 4.652611450884219835e+01
1.893969951437851762e+02 2.505863473190310486e+01 4.667449205734990159e+01
1.890160796157911705e+02 2.476123722081790035e+01 4.640234887355582316e+01
1.886992706464511400e+02 2.445452093666819238e+01 4.615353863781415100e+01
1.886087823950067559e+02 2.427264069873208996e+01 4.602239152247946663e+01
1.889507786862590422e+02 2.414494017257235470e+01 4.615776332695106987e+01
1.895813235907512535e+02 2.386753706653801643e+01 4.632426666800677140e+01
1.899744550368780835e+02 2.354156594920657142e+01 4.631971867791686748e+01
1.902852888015585506e+02 2.315024867371228368e+01 4.625648988972589848e+01
1.905724386775148389e+02 2.309711005800990691e+01 4.638824424130647373e+01
1.909693885926692758e+02 2.336829087705015695e+01 4.672029609676916806e+01
1.915030579579775747e+02 2.369673700556312212e+01 4.724174033070504919e+01
1.921276586477979436e+02 2.379699966664824018e+01 4.763088830705884646e+01
1.923821132491410708e+02 2.380585945286757976e+01 4.779088123799137833e+01
1.925181224422790649e+02 2.393763976903245805e+01 4.788731286654036268e+01
1.928917092569606098e+02 2.417785237709957258e+01 4.821209547596433254e+01
1.931191933557466314e+02 2.435071704131049231e+01 4.825391688317779426e+01
1.929547236279392450e+02 2.434908127249914855e+01 4.807116390018208563e+01
1.927079788330008228e+02 2.416156420706672137e+01 4.774902632808849035e+01
1.926354915765863041e+02 2.418862432931803497e+01 4.764278511207486844e+01
1.924491797704060616e+02 2.439847009968725189e+01 4.765092877830768003e+01
1.921063702013679233e+02 2.491718972740536842e+01 4.777193044171620784e+01
1.919289265570793646e+02 2.534986439786453971e+01 4.789962845517423773e+01
1.916832111322736409e+02 2.571726242824142616e+01 4.793433807898929189e+01
1.909872262620881997e+02 2.599587414379689321e+01 4.774150748701352143e+01
1.901964455321650860e+02 2.617033772386078283e+01 4.749225836604033191e+01
1.894540510614489506e+02 2.651723378344196647e+01 4.725187070642095932e+01
1.890423331607944704e+02 2.686507629399950048e+01 4.714487400476073020e+01
1.887693557600336476e+02 2.715363077021007854e+01 4.713693721763514333e+01
1.885536788465693974e+02 2.732299607851020085e+01 4.712964200701211581e+01
1.882974578159261796e+02 2.740737678967179036e+01 4.702167791519464402e+01
1.880911624930691346e+02 2.743281538175477152e+01 4.698659808666140947e+01
1.879710402752581047e+02 2.751267071714181967e+01 4.699480122016795036e+01
1.881683066233141801e+02 2.770784147197416303e+01 4.721640140912311523e+01
1.882584950256881768e+02 2.784583067405736045e+01 4.738177235927614106e+01
1.879946621840068133e+02 2.784348129796119409e+01 4.722373766054069932e+01
1.878483827414245582e+02 2.782569136987471836e+01 4.712367434045768277e+01
1.879110135066092369e+02 2.797237619499905392e+01 4.721861677446157302e+01
1.881435808009487971e+02 2.810826729115679612e+01 4.737226094574742064e+01
1.883576856007115907e+02 2.817080843664725265e+01 4.752656763271671281e+01
1.884851457450746750e+02 2.813604353339464481e+01 4.755739680752872545e+01
1.882201453346667392e+02 2.801257607204418321e+01 4.727912765697266195e+01
1.880532466618757894e+02 2.793311858109409584e+01 4.704274440630721443e+01
1.881720488737233268e+02 2.796370904924392775e+01 4.713982179919493376e+01
1.884145379895371093e+02 2.816675126095747217e+01 4.732496854935030228e+01
1.886124568024698078e+02 2.830403439386096665e+01 4.750128064030339914e+01
1.886519321838560472e+02 2.803479254297138823e+01 4.739687537167046116e+01
1.883054616084306190e+02 2.745022170404729067e+01 4.683250497933721590e+01
1.880333845924481579e+02 2.720390993136973989e+01 4.655866237162188526e+01
1.878062882872922614e+02 2.727722135394418856e+01 4.652570661359840898e+01
1.877827928511961204e+02 2.768278481055066820e+01 4.673575675037313459e+01
1.879715009372377494e+02 2.782953747862109495e+01 4.690862643998747217e+01
1.882408508343007156e+02 2.788059976514614746e+01 4.703712433015560634e+01
1.885409704389019794e+02 2.784443863731161173e+01 4.720650890250215070e+01
1.886545646576778950e+02 2.787830985632371750e+01 4.729540410106421433e+01
1.886558603741915476e+02 2.782974100745937207e+01 4.729385711437985407e+01
1.887715627496997399e+02 2.779352543775451423e+01 4.739494226649044606e+01
1.891029462265083225e+02 2.779283528235228928e+01 4.761479026478850329e+01
1.894393609697018519e+02 2.783144796948575106e+01 4.778568664599550431e+01
1.895849326679699232e+02 2.781263034640105758e+01 4.790424847604641201e+01
1.894119314802995859e+02 2.767996555923526714e+01 4.772333897853650342e+01
1.888740575274680111e+02 2.753080069752599357e+01 4.730385180420358182e+01
1.883499582053949268e+02 2.757381982588652392e+01 4.701581578211190759e+01
1.881920156390554268e+02 2.762132496436151285e+01 4.694309819470758072e+01
1.883363293113354757e+02 2.776582876440406267e+01 4.707810146959547382e+01
1.883212556137943920e+02 2.783003834382805053e+01 4.712098239936210575e+01
1.881136804882011972e+02 2.797857000470712663e+01 4.716059011637159415e+01
1.881217286717691195e+02 2.826855755845800644e+01 4.744109975928317624e+01
1.884766126100772681e+02 2.852878216048793192e+01 4.781155658520487606e+01
1.886728118974750714e+02 2.853126889761075446e+01 4.793315208378352565e+01
1.886805920595275836e+02 2.845615670547953258e+01 4.789707890050873829e+01
1.887318210219325465e+02 2.858429025390013223e+01 4.797752723349866955e+01
1.887467925362708456e+02 2.895053830446239118e+01 4.807297137027674694e+01
1.885633694994865834e+02 2.909542571029889402e+01 4.799616310449321332e+01
1.882055708271981587e+02 2.870176659681355957e+01 4.752647885058973287e+01
1.878166598823720506e+02 2.799804344293738012e+01 4.695414738168106794e+01
1.868547859429415610e+02 2.766219238249350454e+01 4.617908276336883233e+01
1.864619141426578039e+02 2.748026691592667703e+01 4.584484653255540110e+01
1.867257628981166420e+02 2.768263991141888880e+01 4.605698221174704798e+01
1.871553586714173605e+02 2.792091271376809658e+01 4.634576953164915381e+01
1.872598150316516694e+02 2.811763129285203533e+01 4.654177785371720688e+01
1.873073846628037984e+02 2.812661503902225846e+01 4.677631426862791386e+01
1.875573641424065272e+02 2.826951741051012945e+01 4.710566915759162754e+01
1.878338501123177764e+02 2.833246812637884560e+01 4.735812532351034321e+01
1.880339667016769738e+02 2.847697862695927995e+01 4.761949990535489974e+01
1.880257066135984019e+02 2.875284060927991092e+01 4.779949812971236156e+01
1.880505312688976005e+02 2.900913032043647277e+01 4.795842148728489462e+01
1.878801282147924496e+02 2.946528870105047559e+01 4.800658662874162275e+01
1.878184162608653480e+02 2.979680953888573569e+01 4.810717175321249073e+01
1.875178343191499835e+02 2.979402295269252576e+01 4.788092390366636408e+01
1.871703687138485179e+02 2.964215693664808882e+01 4.760147713357689980e+01
1.864161360678228334e+02 2.988214758939773930e+01 4.723110908978217992e+01
1.859907473947471033e+02 3.037337909800709213e+01 4.717004792559722404e+01
1.859608638333442343e+02 3.075415642740721012e+01 4.735310075766332005e+01
1.859882991857171248e+02 3.086521951799680608e+01 4.741799295438441675e+01
1.856457660138667620e+02 3.076732633462151156e+01 4.721839733184581434e+01
1.855881120731966689e+02 3.044535795110952492e+01 4.702204644477835416e+01
1.858594671062219561e+02 3.031040241755406939e+01 4.710149220978713913e+01
1.862812224126291767e+02 3.036777744833466386e+01 4.740760879579607945e+01
1.867899599140320959e+02 3.052831647310487995e+01 4.772201645987131968e+01
1.869722438593758227e+02 3.053335862786385135e+01 4.782189635272971628e+01
1.872698532749716378e+02 3.014867991027979599e+01 4.764046337569748601e+01
1.875421932870661124e+02 2.981692204091683607e+01 4.753224968884376977e+01
1.878004956722900829e+02 2.975583742484927896e+01 4.755528195025855354e+01
1.881811858946977054e+02 2.977668447334609780e+01 4.771914109155112271e+01
1.885225749497040795e+02 2.972239085242567924e+01 4.788365772312372570e+01
1.884535434957041105e+02 2.985198930594153310e+01 4.797532861950492844e+01
1.883468893590433026e+02 2.980476559005774106e+01 4.793302477356369451e+01
1.885131288664197484e+02 2.966232974352016072e+01 4.794599701491037536e+01
1.887313812991338011e+02 2.938765626910700135e+01 4.787964996390085304e+01
1.887795489532922204e+02 2.943301891059304864e+01 4.794006536374707395e+01
1.886032041972169395e+02 2.985051602517392055e+01 4.806084088400196208e+01
1.888437233548923189e+02 3.011119542621283784e+01 4.826979883310132635e+01
1.891792092360214212e+02 3.007886281821273045e+01 4.841633373369047177e+01
1.893513058510771998e+02 3.002423082012908750e+01 4.847382769901853550e+01
1.894432280176291101e+02 2.986967537569078246e+01 4.845516418830521843e+01
1.890172413215470897e+02 3.019603177395065430e+01 4.840398883020334608e+01
1.888559007449323133e+02 3.019977318679256939e+01 4.837810381478373500e+01
1.888921556802972361e+02 3.021018666023415022e+01 4.839910497565192316e+01
1.888828779480272715e+02 3.011596453405297069e+01 4.836389532419715209e+01
1.885073387641192824e+02 2.991787485740417907e+01 4.805678119561047623e+01
1.868143565724738551e+02 3.032490238153867779e+01 4.743149202552234556e+01
1.858400372214879610e+02 3.053760844401784524e+01 4.705076913799255323e+01
1.852830307202910660e+02 3.067063924806563691e+01 4.687542527476393417e+01
1.846990068127718985e+02 3.074829596945894750e+01 4.666252322155160925e+01
1.843363443875457222e+02 3.065827005512867487e+01 4.646494864875278097e+01
1.860144363088747070e+02 2.913889126199605784e+01 4.660410625712979282e+01
1.866790660120241228e+02 2.811571075118055063e+01 4.650415349592188363e+01
1.867248633509054798e+02 2.771946941790752206e+01 4.638121705219886337e+01
1.868385924180063569e+02 2.774006184596468572e+01 4.654339603361659528e+01
1.869564456661758527e+02 2.776841182175899192e+01 4.664012332339978428e+01
1.874504160196459850e+02 2.725832248683763126e+01 4.666366315055940817e+01
1.874320397944945000e+02 2.685651803198501852e+01 4.651020156893094537e+01
1.870769648908566012e+02 2.659062058706762599e+01 4.620801819866089488e+01
1.867749054805374556e+02 2.664389740136389406e+01 4.610520095750686664e+01
1.865657825306926441e+02 2.685436213392030069e+01 4.616396383719703067e+01
1.864087252729212878e+02 2.707185154288260520e+01 4.618983628910810779e+01
1.865123591421301228e+02 2.733780175453584604e+01 4.630415835381185019e+01
1.866965192380818337e+02 2.756380168418019849e+01 4.652890193260263629e+01
1.866489604953037542e+02 2.776637820851068739e+01 4.666061440582142694e+01
1.864932207307941781e+02 2.812072275351903983e+01 4.678518159295237666e+01
1.865643176255973970e+02 2.850137612296827072e+01 4.694777265745007355e+01
1.866930935880877769e+02 2.890835674333757055e+01 4.723522489517846168e+01
1.868951215058788762e+02 2.930461482795531580e+01 4.753772654099807937e+01
1.871262691237539002e+02 2.944328078436496554e+01 4.771037930069836364e+01
1.871200585627011321e+02 2.939833190109336059e+01 4.767909867714630678e+01
1.868735047330924601e+02 2.946531717833649111e+01 4.750304623203627585e+01
1.868327219092512621e+02 2.978234475272502380e+01 4.761972018553789354e+01
1.870818185929875597e+02 3.003437292178629647e+01 4.783583430909916245e+01
1.871702941703645138e+02 3.034810718180401778e+01 4.804729239639711835e+01
1.871512453787227628e+02 3.077534436576896226e+01 4.830213479137037780e+01
1.870660530649097950e+02 3.130533597334526164e+01 4.833960084895814902e+01
1.871129300279579866e+02 3.184186563076351106e+01 4.851906051758304983e+01
1.870872100132838227e+02 3.246549390502322296e+01 4.885549787509192043e+01
1.871455038553219765e+02 3.272395626558922288e+01 4.900376151445557582e+01
1.871788549450807295e+02 3.271139694488974925e+01 4.894763445885618580e+01
1.869547554554941939e+02 3.261120212675072594e+01 4.875716915675405971e+01
1.868130240030018285e+02 3.246895640797565363e+01 4.860464313772788358e+01
1.867087954610556437e+02 3.246066281720764835e+01 4.853152268048317808e+01
1.867309851298313106e+02 3.239766184730478926e+01 4.854167902078339125e+01
1.862163754445388122e+02 3.204628312787809108e+01 4.805457839378055951e+01
1.855500128147787109e+02 3.153596513710138183e+01 4.749255486484177169e+01
1.853005635152361776e+02 3.138192395894580500e+01 4.728666324939234755e+01
1.853735851395470888e+02 3.132706330500680991e+01 4.730452939609727281e+01
1.855376863377707650e+02 3.133308708856603531e+01 4.736471027711749571e+01
1.856229389564247185e+02 3.131769846574433913e+01 4.740321073024136922e+01
1.864073457996840659e+02 3.094765539803707810e+01 4.767781049873778443e+01
1.873389869121743629e+02 3.100120107141600911e+01 4.831047947373975404e+01
1.879553903314588581e+02 3.118574644829613618e+01 4.876181765491224951e+01
1.881444903989667807e+02 3.112939157440863625e+01 4.884978147870820209e+01
1.881927501855211347e+02 3.075309774242127148e+01 4.869826724090276571e+01
1.877719069898336102e+02 3.064494854824470949e+01 4.820420056720053026e+01
1.875784574356706571e+02 3.069076180090356587e+01 4.803638643342094383e+01
1.878664147264421729e+02 3.080679082763368726e+01 4.815592235416698230e+01
1.882432546522672112e+02 3.079175314548375297e+01 4.828692540793711885e+01
1.883028341600121962e+02 3.080949114440161551e+01 4.833195050982717333e+01
1.878598616003899622e+02 3.100455134035884797e+01 4.812763100807917027e+01
1.872588853320200144e+02 3.112938487387075170e+01 4.793911891277072357e+01
1.867888945285082798e+02 3.128695137252142899e+01 4.782044568627746628e+01
1.865610938293071399e+02 3.148181390261103374e+01 4.785790755602906188e+01
1.863666299812217346e+02 3.149226171630927595e+01 4.778163030787296606e+01
1.859643975295116718e+02 3.125252149616310504e+01 4.749349126501130058e+01
1.856829238467117875e+02 3.104153998462226483e+01 4.721715940747143492e+01
1.855519794226481451e+02 3.082697368531258775e+01 4.702825449312943817e+01
1.852588375906875910e+02 3.067911291578931454e+01 4.685631617828121165e+01
1.849831012434523245e+02 3.069719347970658418e+01 4.672137823363770792e+01
1.853886563243864316e+02 3.049743118128807851e+01 4.693154981766161171e+01
1.857398683679332407e+02 3.042885117602815725e+01 4.717545525967096864e+01
1.861759326729953159e+02 3.040885677097729101e+01 4.744275479214093849e+01
1.865280182991689628e+02 3.052337315127972062e+01 4.773988009387453246e+01
1.867562352692862362e+02 3.054943489338606710e+01 4.791836315910259714e+01
1.862306316764578185e+02 3.096625274093877778e+01 4.775746481798826437e+01
