2.396667962543002943e+02 4.647390197621141539e+01 8.147554650499066042e+01
2.397165517347773118e+02 4.652600546119312952e+01 8.152056586600021149e+01
2.399468721556285686e+02 4.645588929513583309e+01 8.155043581555359822e+01
2.399681368692244803e+02 4.636092315761867155e+01 8.147902994399963461e+01
2.401349284953950018e+02 4.608809799293438658e+01 8.140659662763610527e+01
2.403875071350333883e+02 4.602941330741580828e+01 8.162627543542987496e+01
2.406278736829113996e+02 4.613786272967094249e+01 8.210667839126209344e+01
2.406865552830101365e+02 4.653316054982181527e+01 8.231978216935868886e+01
2.406949537958377618e+02 4.670355594637540264e+01 8.245303528177596775e+01
2.406539825056694610e+02 4.663232902917264511e+01 8.238953117045402053e+01
2.405471282454760171e+02 4.659737122228906969e+01 8.226578423658999384e+01
2.405268786350102630e+02 4.676804739204887085e+01 8.238066984464910547e+01
2.406360068496320537e+02 4.682807114978170659e+01 8.250058160164144283e+01
2.404219620184816790e+02 4.672499652890267186e+01 8.231101032072939461e+01
2.401308156307369472e+02 4.648769380293423126e+01 8.192976041714877056e+01
2.400985637370605161e+02 4.618204902732139061e+01 8.178903133243855450e+01
2.400970703938538406e+02 4.611726755218216312e+01 8.179075299671403343e+01
2.401915644621341812e+02 4.581252371916508537e+01 8.182261612748955315e+01
2.404285617315376271e+02 4.542118140725999353e+01 8.187707687323552364e+01
2.405787229447247171e+02 4.515857823853380637e+01 8.176695823884234926e+01
2.407044106076734522e+02 4.504974005337776077e+01 8.189591953225034615e+01
2.407789636074728890e+02 4.511398775088320434e+01 8.190258403912312701e+01
2.408109995217599248e+02 4.517618364418938626e+01 8.207959457583190499e+01
2.408396661575723954e+02 4.527694420018203658e+01 8.207914718995387204e+01
2.407279523611175307e+02 4.505531849246386145e+01 8.203101464031718137e+01
2.404753181839218712e+02 4.466725906727757689e+01 8.172100399561870177e+01
2.402327054503941497e+02 4.437047561746964419e+01 8.145105135681338027e+01
2.402029188071766725e+02 4.430241434103145792e+01 8.140453248175745671e+01
2.402205057003131685e+02 4.436932784128600105e+01 8.149049536415667205e+01
2.402652720568951281e+02 4.450686968729269921e+01 8.166975825735487149e+01
2.401439626047114473e+02 4.454969222937010898e+01 8.155390999830301269e+01
2.399787229447246943e+02 4.438710294503324860e+01 8.128077012079418751e+01
2.397410067724965756e+02 4.423199888924885670e+01 8.098409774610080092e+01
2.395994878203051428e+02 4.410794032798013120e+01 8.079781860816710548e+01
2.395836133351845945e+02 4.418878141343083144e+01 8.073500254547137445e+01
2.395630089014362625e+02 4.430376266950525377e+01 8.067420434735656443e+01
2.394258743308495809e+02 4.424671017108653359e+01 8.061838293145740408e+01
2.393377670816556417e+02 4.389749309637308983e+01 8.045991885345797812e+01
2.393820490273213863e+02 4.365566097406704671e+01 8.042526341771956311e+01
2.393832430848027570e+02 4.366803350765955827e+01 8.045264960429490486e+01
2.394477314450563767e+02 4.378030576510698779e+01 8.060313478656608766e+01
2.396291016800111038e+02 4.395074127211860571e+01 8.070816864904891474e+01
2.399352246957004695e+02 4.360513722404775905e+01 8.083122753428672524e+01
2.400389657672667738e+02 4.347747797781583046e+01 8.095288872433316385e+01
2.401934465682417681e+02 4.343341201153946685e+01 8.105834837475509858e+01
2.402918868885083441e+02 4.358996312923281380e+01 8.126084139399269191e+01
2.404826367998025205e+02 4.379125900556918083e+01 8.143322688634856377e+01
2.406461547955138087e+02 4.401756220977769374e+01 8.174528007898675241e+01
2.406143502877154106e+02 4.408282501041329482e+01 8.175690594097591202e+01
2.404680643618580405e+02 4.378484133228428732e+01 8.154261427623764291e+01
2.403616975980006600e+02 4.362480986100183600e+01 8.134588790669690184e+01
2.403000694219466027e+02 4.372958763363724444e+01 8.141004304160688321e+01
2.400926613288903297e+02 4.448591660110149348e+01 8.146359975933725650e+01
2.400950957251507987e+02 4.478937381404174545e+01 8.153876675768654536e+01
2.399426790700544529e+02 4.470062479751932472e+01 8.144364326375711016e+01
2.396787028894956961e+02 4.444200799123741064e+01 8.099289736350874591e+01
2.395105907036299868e+02 4.430907267706453467e+01 8.086004844109162093e+01
2.394435291032227155e+02 4.440875025069036042e+01 8.078483516144459031e+01
2.395579364712053234e+02 4.456703845975841460e+01 8.083856157726663128e+01
2.396413600530692349e+02 4.471557674210518485e+01 8.096042331960320837e+01
2.395810061554126094e+02 4.492430230943675440e+01 8.092920504157602579e+01
2.394974591567547577e+02 4.505017201215655120e+01 8.101295876336372714e+01
2.397037163882075390e+02 4.503348914703568084e+01 8.121105197389735508e+01
2.400342728436772006e+02 4.516404868792520944e+01 8.147429999537186518e+01
2.400863578161398380e+02 4.514355224387158216e+01 8.160717668656762669e+01
2.400732509526233684e+02 4.517032443189707180e+01 8.160466515481094518e+01
2.400051433948874546e+02 4.515780688357168060e+01 8.158948797457614432e+01
2.400923188472871459e+02 4.528782030514802415e+01 8.157725119945696690e+01
2.401769549991515191e+02 4.549942456919825418e+01 8.164197713703892134e+01
2.402135203097761575e+02 4.561613983122753524e+01 8.176198762746641080e+01
2.402295922617670101e+02 4.573648046157880742e+01 8.180589006649080375e+01
2.401510559849431559e+02 4.567414880979929137e+01 8.171990867157248317e+01
2.398336125638296323e+02 4.588005738880918472e+01 8.157022878388175968e+01
2.394453680134524234e+02 4.591785995279307286e+01 8.134204964440536401e+01
2.391243269927955453e+02 4.593392881936409822e+01 8.110504003332253831e+01
2.389170855124110915e+02 4.597935237037379608e+01 8.096394995449006160e+01
2.389828111260239609e+02 4.606567007605559638e+01 8.111350642538683076e+01
2.390278798537511022e+02 4.645518273399052589e+01 8.127356566544793282e+01
2.389337683775319761e+02 4.716363524166551002e+01 8.166629024544515403e+01
2.388203051480230101e+02 4.774258650745900212e+01 8.182990388917171742e+01
2.388076179016059655e+02 4.777596457938013685e+01 8.191012171981302004e+01
2.387325126116536183e+02 4.764141867604634228e+01 8.175922617670200054e+01
2.382474722697891139e+02 4.857372456457012078e+01 8.130984094660681194e+01
2.378202958917634646e+02 4.922998411008777708e+01 8.107884173338887024e+01
2.374744048996467143e+02 4.997138273090510552e+01 8.105216827879853270e+01
2.372286203545147316e+02 5.056649234044522956e+01 8.115897934311411177e+01
2.371625646009780723e+02 5.072139584393946166e+01 8.117377393128769825e+01
2.372521343391802020e+02 5.012957529195785611e+01 8.090634825133830077e+01
2.372556424615479500e+02 4.967434319124974706e+01 8.060076518412242308e+01
2.372116011786303886e+02 4.953912158096913032e+01 8.052087749340491030e+01
2.372061677542771747e+02 4.950425325126116860e+01 8.048238070995510896e+01
2.372239983955816740e+02 4.940111075114545969e+01 8.041407877076873945e+01
2.372182194042054277e+02 4.897439101525740313e+01 8.021616760000617319e+01
2.370476388824609444e+02 4.839278937381403978e+01 7.987226053285201033e+01
2.369639160148717281e+02 4.800813316672066122e+01 7.954259884913840040e+01
2.369044106076734408e+02 4.795519970379969266e+01 7.946438345597877628e+01
2.369419200567717212e+02 4.805616389750235129e+01 7.964411224757408547e+01
2.376628746856728469e+02 4.693638481356350667e+01 7.972898289134694494e+01
2.378123478502337207e+02 4.604175190138997920e+01 7.954023541753444704e+01
2.377478749170793435e+02 4.546518566513938708e+01 7.937125314327147407e+01
2.376749263356011284e+02 4.518577312907854093e+01 7.919329538266919144e+01
2.379554280248684961e+02 4.522865120871322375e+01 7.938593665633051444e+01
2.383702164422023770e+02 4.498946946205705189e+01 7.965301368383703107e+01
2.383491090850187391e+02 4.478427978587185976e+01 7.960261335061169063e+01
2.382027521945048534e+02 4.458748245167461022e+01 7.937951589762576532e+01
2.382552722111661296e+02 4.431052282439333112e+01 7.930706406874315917e+01
2.383813671495348672e+02 4.427700282315915814e+01 7.932615664676571043e+01
2.384710171086530579e+02 4.441913885932028450e+01 7.965491121704386046e+01
2.385420311318862616e+02 4.445089091498125811e+01 7.984006417673285227e+01
2.386007528424430291e+02 4.437136113296617168e+01 7.994733188318600980e+01
2.386919115718671378e+02 4.423718856543403888e+01 7.998374600823807157e+01
2.387240215362305378e+02 4.417313216395920961e+01 7.998080560312244813e+01
2.385957575477083026e+02 4.439953718702272312e+01 7.993893954119806722e+01
2.384598818284198103e+02 4.449960660896931586e+01 7.984092500887058463e+01
2.383660696379259889e+02 4.435683497631940497e+01 7.967237777880625060e+01
2.382234090803906099e+02 4.416176547723731716e+01 7.946597244720075537e+01
2.379435584147112763e+02 4.404209438299316304e+01 7.913007821539315501e+01
2.378831026981996501e+02 4.339210749602752060e+01 7.883595748291449468e+01
2.379337745483716731e+02 4.310876722049953003e+01 7.880718902824702354e+01
2.378378642723808696e+02 4.297245645701238459e+01 7.866963792598077987e+01
2.377572484225790959e+02 4.288964070285864238e+01 7.857063605930177630e+01
2.374022215022909279e+02 4.290017432622143900e+01 7.841103963221794970e+01
2.372269603986362370e+02 4.195327131639437823e+01 7.805185665139383389e+01
2.373655420311318949e+02 4.138838339427037738e+01 7.805403804322672556e+01
2.379323583406612101e+02 4.111555822958609241e+01 7.840044430045819013e+01
2.380406966878017840e+02 4.098050940281699184e+01 7.843841964795359445e+01
2.382358556640594998e+02 4.079929035343484145e+01 7.849167707995864873e+01
2.386898875364465198e+02 4.039882754045756741e+01 7.870144243377917803e+01
2.387131947979821405e+02 4.020926860122491320e+01 7.865849030406812403e+01
2.384324894710047715e+02 4.000990419771370199e+01 7.835045432807268639e+01
2.380326098023788575e+02 3.973451504913531096e+01 7.798750404961354832e+01
2.378207309359621036e+02 3.954872957837737601e+01 7.771211181561531589e+01
2.375209052621835610e+02 3.933861865753382148e+01 7.749532096079974508e+01
2.370050693448110906e+02 3.916310763487141600e+01 7.719996606038166931e+01
2.369145924931735010e+02 3.903420496444053356e+01 7.712835038027799328e+01
2.367615494978479092e+02 3.890381512164267974e+01 7.691085296431711527e+01
2.360909797750728956e+02 3.880995973527097931e+01 7.632352786905478581e+01
2.359666527822773503e+02 3.842298637787136784e+01 7.628521929621572895e+01
2.364607364897178456e+02 3.847295166689807644e+01 7.684235664368029006e+01
2.371649804847194503e+02 3.871426543866956393e+01 7.746107897132102948e+01
2.375881303898428030e+02 3.879254871106585512e+01 7.784535567177303506e+01
2.376432452445966703e+02 3.868560805911664602e+01 7.793203745699696583e+01
2.375039261967572202e+02 3.839868252572468776e+01 7.751903241233550546e+01
2.375354129063112225e+02 3.799737122228907538e+01 7.729941531293870582e+01
2.379016090464510000e+02 3.779173107480600180e+01 7.743855232100708008e+01
2.383305996513475691e+02 3.780352354946699478e+01 7.772007219882445384e+01
2.384672559818577326e+02 3.797018867342373483e+01 7.790728621897224571e+01
2.384762654078153616e+02 3.797408247327255282e+01 7.796050354051926945e+01
2.383249348205056890e+02 3.840484410916215552e+01 7.802451057527653688e+01
2.384002252356489464e+02 3.867014702025578288e+01 7.819273383625676388e+01
2.384839265052991948e+02 3.892426528439857236e+01 7.832012773638172121e+01
2.386120794187069123e+02 3.893244781783680963e+01 7.841771956618997308e+01
2.384117492787831054e+02 3.932097005600036965e+01 7.824549760108607188e+01
2.380908008207216824e+02 3.945669458971629240e+01 7.801169682664568938e+01
2.379068079788957277e+02 3.939654741518952363e+01 7.784075222535906846e+01
2.377480045047129806e+02 3.927614199102142578e+01 7.758772928526249757e+01
2.374446305981086311e+02 3.910831366378180007e+01 7.728425973064284449e+01
2.376633159007111828e+02 3.868484596041406576e+01 7.739049382144675349e+01
2.381928356551117645e+02 3.836146619151200809e+01 7.768703660850650294e+01
2.386872032211783221e+02 3.828965921537773198e+01 7.806167445735178489e+01
2.390451767174218105e+02 3.842045016275589830e+01 7.847800249919008309e+01
2.392176547723731517e+02 3.870001388438932111e+01 7.877159253945480089e+01
2.391841008315206523e+02 3.904388392650530193e+01 7.883670723993768092e+01
2.388554017987997611e+02 3.912193270699310688e+01 7.858489378442170903e+01
2.384506872772712427e+02 3.909716912728899274e+01 7.832301877477978280e+01
2.383521914194473936e+02 3.904190308696255585e+01 7.829762576942657404e+01
2.384763610558306652e+02 3.915075669921784396e+01 7.851747427531201140e+01
2.383367087826476052e+02 3.970771817775104040e+01 7.857036145693525953e+01
2.382578547075793267e+02 3.995450548433377946e+01 7.855060551364526589e+01
2.381378473025716858e+02 4.014766202310979537e+01 7.847962543003039571e+01
2.380901899075916788e+02 4.027536755063945151e+01 7.852850465127042412e+01
2.380269634840560968e+02 4.056792706067478349e+01 7.861088536122552739e+01
2.376365560543650872e+02 4.101119081779052777e+01 7.853008747165270620e+01
2.372985297974421997e+02 4.128103855232100727e+01 7.839740516190740038e+01
2.372182194042054277e+02 4.143056416901929850e+01 7.832593141111676971e+01
2.372448620045972802e+02 4.161371777664646032e+01 7.843352925749371707e+01
2.371447648138720581e+02 4.181127103870659312e+01 7.842491476527668226e+01
2.371380972215794145e+02 4.200014501473287964e+01 7.854247851776430878e+01
2.374319587787908290e+02 4.206694435445303526e+01 7.876386973357399768e+01
2.377250366393606953e+02 4.212519708119282313e+01 7.895335770815013632e+01
2.378736242884250487e+02 4.217181468968389879e+01 7.914498696410113610e+01
2.378174418784035993e+02 4.217501118464694798e+01 7.908525323583405964e+01
2.377618426127335169e+02 4.207207232224124738e+01 7.902501658413169139e+01
2.375803304484657872e+02 4.255389148578392877e+01 7.891729223554095540e+01
2.375900896314466024e+02 4.285707409635766396e+01 7.891764705882353326e+01
2.377204949013436988e+02 4.308119282331342959e+01 7.901386896221903555e+01
2.376775859675105380e+02 4.315201246509618471e+01 7.901008315206492227e+01
2.376679810555221195e+02 4.314062109501550424e+01 7.900052452137424552e+01
2.376894123817898503e+02 4.309724626278520532e+01 7.894361703768839789e+01
2.375224664846269036e+02 4.309889387698431307e+01 7.879731259931195098e+01
2.375913237993860037e+02 4.302547014084941424e+01 7.887016861819472524e+01
2.376260131747427522e+02 4.296283303250489638e+01 7.889176964255410951e+01
2.377550330911278706e+02 4.302786134123201123e+01 7.902856481695746993e+01
2.381873960599188536e+02 4.286013174742753051e+01 7.923117816756915488e+01
2.385029913145431237e+02 4.272907236852254442e+01 7.951981610897702524e+01
2.387716295644929971e+02 4.268526557751346218e+01 7.970854507027043212e+01
2.389124111013406093e+02 4.268213079094737594e+01 7.993141728760741671e+01
2.389062464324833002e+02 4.318344055167306550e+01 8.000447077336048096e+01
2.387771092701439386e+02 4.346932938399592672e+01 7.993893028493852171e+01
2.386922108575924426e+02 4.369063420804985753e+01 7.994173801700065951e+01
2.388410761944431613e+02 4.373492849539501037e+01 7.998399592724580032e+01
2.388430508631462033e+02 4.361069097977507170e+01 8.000321192206229171e+01
2.386942163804939696e+02 4.341671680473920247e+01 7.979652581725058269e+01
2.384489162462782019e+02 4.356567778960521764e+01 7.964508415482636394e+01
2.384696749510189591e+02 4.378286357816139684e+01 7.970891223523240399e+01
2.383086530599651383e+02 4.381979913916786273e+01 7.953355548356242366e+01
2.379780750065565087e+02 4.358543064747535567e+01 7.924508724024622097e+01
2.374573209299455527e+02 4.339336326190586135e+01 7.886236250597799824e+01
2.373459280171549324e+02 4.308295459804693195e+01 7.869736659415930546e+01
2.374554110550593293e+02 4.292136498974097947e+01 7.878618348991838616e+01
2.374390305610835981e+02 4.283449807932614561e+01 7.877930917449592130e+01
2.374448126378796928e+02 4.278226809213063575e+01 7.873328088119590973e+01
2.376457351784144123e+02 4.249689452492248165e+01 7.880352354946698767e+01
2.378675213279647096e+02 4.234608537356720603e+01 7.891951065241202912e+01
2.380851236482004367e+02 4.218091976365683848e+01 7.911735085851807980e+01
2.383123771617222815e+02 4.232838740531617816e+01 7.929026704308789419e+01
2.387129757331728968e+02 4.287561438422733318e+01 7.992053501180173214e+01
2.389948288363339088e+02 4.368744388392650535e+01 8.044519214452105871e+01
2.389014516900387264e+02 4.379613088350997430e+01 8.045824347048024094e+01
2.384656114530784805e+02 4.362539609077305158e+01 8.000952160565249471e+01
2.383295876336372601e+02 4.366711713796454575e+01 7.996663426975825928e+01
2.385852331806050586e+02 4.377657549251014046e+01 8.010440443683374667e+01
2.385841224294595975e+02 4.417516237021952463e+01 8.017904691380879001e+01
2.384998596133968931e+02 4.430603662393360054e+01 8.006409651193285981e+01
2.382644019684978502e+02 4.429136236713410568e+01 7.990788479042285530e+01
2.381494207124234492e+02 4.417119143487450117e+01 7.968839419323984430e+01
2.380258990142083633e+02 4.417356720815784854e+01 7.957607873991453573e+01
2.380662933308649940e+02 4.433739683127381426e+01 7.968348220484102740e+01
2.383003501951528165e+02 4.472495950386448982e+01 7.994685055768964332e+01
2.385668286512087093e+02 4.492763764829299333e+01 8.017137347464556285e+01
2.387146387744712399e+02 4.517704139090727011e+01 8.041210718748553177e+01
2.388318939849740161e+02 4.545088165872171260e+01 8.058577004365868390e+01
2.390727973959056385e+02 4.565657425834220362e+01 8.082710541336912513e+01
2.392518844201724733e+02 4.560211351259622603e+01 8.095243516761543390e+01
2.392355563783341950e+02 4.531234939294364494e+01 8.088781413430832856e+01
2.393555668687616560e+02 4.488158775705404224e+01 8.079256105274525623e+01
2.393908764135079821e+02 4.466140911124481505e+01 8.071404020302063032e+01
2.390747998333873170e+02 4.515488499097514818e+01 8.059680659045679363e+01
2.389333395041730341e+02 4.540272751114608241e+01 8.046581509078848171e+01
2.387694450872402570e+02 4.534319433516915865e+01 8.023131701146233752e+01
2.382975208651517391e+02 4.513761589608306224e+01 7.975854738433532987e+01
2.379213711605806623e+02 4.507460236651702701e+01 7.943834868329707888e+01
2.382362968790978357e+02 4.466119004643557133e+01 7.986205087857329943e+01
2.381828172968636750e+02 4.447119297758442258e+01 7.994088027028277565e+01
2.379525092176917838e+02 4.433418799463137105e+01 7.989519137316609942e+01
2.382680088243007788e+02 4.438704432205612704e+01 8.012809429043056753e+01
2.388658274324678814e+02 4.459137008068373120e+01 8.061000293114885551e+01
2.397547214637231718e+02 4.409045525369865004e+01 8.101436571481464455e+01
2.402820783388099528e+02 4.378313818052791362e+01 8.117134262044707782e+01
2.401590163681522938e+02 4.339045988182841995e+01 8.092474352447509034e+01
2.403624504404436948e+02 4.319084247388963149e+01 8.096781290014038746e+01
2.410316903472640035e+02 4.334652350318569347e+01 8.151172613813425016e+01
2.413734684747226993e+02 4.320982089137779525e+01 8.170008793446568518e+01
2.406394810323814681e+02 4.410587926752133114e+01 8.141438114191389275e+01
2.404572036839913096e+02 4.458717699510960841e+01 8.139199642091297449e+01
2.404489285879575959e+02 4.486718501720121566e+01 8.138813964610234564e+01
2.401795806914425953e+02 4.489645330988414429e+01 8.123488684222705558e+01
2.398669505252927365e+02 4.481679702565526924e+01 8.107337436941732278e+01
2.400484071520032217e+02 4.470061554125977921e+01 8.120769812252201802e+01
2.401880810231252212e+02 4.466386510544422350e+01 8.129057558507274450e+01
2.401475108375372258e+02 4.454905971830116584e+01 8.120484719458200118e+01
2.400737878156770080e+02 4.444570123879606882e+01 8.109867481217506224e+01
2.402789805772820557e+02 4.435045124265284500e+01 8.119667700282316503e+01
2.401662424214374880e+02 4.482883324848428686e+01 8.132914024775921291e+01
2.401343515218833318e+02 4.487520093796763376e+01 8.124823436849169411e+01
2.399265114700482968e+02 4.488847132873605972e+01 8.113449653661622563e+01
2.398609709816263376e+02 4.495153113959982250e+01 8.121550114931889652e+01
2.398269233735980492e+02 4.508475648323845775e+01 8.124905509017139593e+01
2.398376328658922318e+02 4.510341401706237008e+01 8.117548942472346596e+01
2.398566637355177988e+02 4.491471590996744823e+01 8.111035004088181211e+01
2.396837352092686046e+02 4.477729748075469018e+01 8.096474907823082390e+01
2.396115456410731213e+02 4.473652674287653497e+01 8.081691735702935375e+01
2.396771231545332626e+02 4.474460128662007463e+01 8.081787075176254120e+01
2.397078755341633212e+02 4.479352678915783770e+01 8.086650005399484087e+01
2.397637154625815583e+02 4.477505746594467695e+01 8.089959735270977603e+01
2.395994415390074153e+02 4.478199966060381598e+01 8.075395319418089457e+01
2.393594637540303438e+02 4.490470372255904863e+01 8.072918652905694614e+01
2.395252927292081324e+02 4.453740608753336261e+01 8.072076641829036703e+01
2.396633436694898194e+02 4.458676046343006050e+01 8.090037179309175031e+01
2.398429212755125661e+02 4.468641643911695382e+01 8.115270051372240800e+01
2.399788340198392405e+02 4.463600993505190928e+01 8.127630551827340355e+01
2.399345027074559198e+02 4.452736304592647798e+01 8.113079711821785622e+01
2.398559941994106737e+02 4.473135557921044381e+01 8.098539053701732371e+01
2.399313370666913556e+02 4.504365252001666420e+01 8.115014270066799895e+01
2.400661359744527203e+02 4.543530337390660634e+01 8.147667268323537826e+01
2.400096172536677841e+02 4.581416207710464050e+01 8.150076364141250451e+01
2.399847086592308187e+02 4.579428271702072095e+01 8.148274787491708082e+01
2.397621604109779128e+02 4.625573193872356370e+01 8.135938044769442001e+01
2.395811635118248830e+02 4.648698415636907555e+01 8.119087024266826802e+01
2.395018497091991776e+02 4.670807608645346676e+01 8.118846052976658711e+01
2.394589778004041989e+02 4.685537403002113166e+01 8.112567223584949261e+01
2.393831443513676049e+02 4.688874284568272799e+01 8.117676987396059474e+01
2.391642554110550520e+02 4.739061415282084511e+01 8.111964949630521460e+01
2.390027460236651677e+02 4.776921059533175651e+01 8.129068048934759361e+01
2.388711220129279127e+02 4.803016923527869153e+01 8.134865861372085760e+01
2.387693895496829839e+02 4.837181777510375014e+01 8.143183536199688888e+01
2.388061091313000475e+02 4.879666466114376533e+01 8.169778312583885338e+01
2.388330633590965988e+02 4.923747550947994966e+01 8.180224310022985890e+01
2.388789096126255345e+02 4.936150630197003863e+01 8.183663010444146835e+01
2.389127566683636417e+02 4.943675043581555428e+01 8.173907221425155001e+01
2.389138489069900118e+02 4.952720260409434871e+01 8.183031733543141684e+01
2.389752024806775523e+02 4.969131300041652821e+01 8.196916739945388031e+01
2.388531617839897478e+02 5.005911047345767884e+01 8.189869332469416463e+01
2.388248592277194007e+02 5.007271408956973602e+01 8.176011477761836943e+01
2.388584501936100821e+02 4.979901575106832468e+01 8.154426497585659206e+01
2.388378179910831420e+02 4.956416593387945113e+01 8.143390876413508295e+01
2.387489177889881375e+02 4.949822125545733797e+01 8.128663858934604036e+01
2.388624828373521041e+02 4.917605097113590062e+01 8.137391586060073223e+01
2.389450671850171943e+02 4.902938862405702025e+01 8.138765214976628215e+01
2.389023742305734288e+02 4.888941546720970166e+01 8.130590086546027351e+01
2.389077983986670972e+02 4.881987010382437830e+01 8.137777263541136108e+01
2.389321423612718149e+02 4.885892226284691731e+01 8.140864226099566281e+01
2.389823205442680489e+02 4.852860029928572771e+01 8.146449453109332239e+01
2.389058144737045097e+02 4.812701439348359145e+01 8.144562410329986335e+01
2.387167306891285250e+02 4.794004412150383132e+01 8.133498403295227774e+01
2.387168787892812531e+02 4.799620184816649271e+01 8.122535906573486386e+01
2.388455531386433393e+02 4.812912790607982316e+01 8.150851730149180696e+01
2.389564061029604716e+02 4.868291757300874423e+01 8.165881735857206536e+01
2.390480862683389773e+02 4.889408987828018383e+01 8.168244858919177886e+01
2.389281066321099729e+02 4.896116073494700771e+01 8.157185480014193502e+01
2.388534703259745982e+02 4.884982027429382612e+01 8.140807762916338675e+01
2.389038212924823767e+02 4.862451674611622821e+01 8.136717730365158729e+01
2.389728452199132960e+02 4.865766958238842221e+01 8.136684716372779747e+01
2.390293855386371717e+02 4.872611653630767847e+01 8.141111676771416228e+01
2.390221348019931895e+02 4.878216935869548365e+01 8.140895388840036162e+01
2.390062911710710978e+02 4.866409651193286123e+01 8.138206445442062886e+01
2.389813085265577399e+02 4.850345104210055069e+01 8.121356967649373360e+01
2.388777124697243153e+02 4.886632109964363480e+01 8.126263093750482369e+01
2.389226361827185769e+02 4.908039369957266729e+01 8.141522037611268559e+01
2.388799956804122075e+02 4.925723453818978470e+01 8.138950340167538400e+01
2.388641613057496897e+02 4.953989910677095310e+01 8.150271362675675846e+01
2.389269927955446633e+02 5.002664877123154241e+01 8.174398111723053262e+01
2.391264775304299519e+02 4.984958886780518839e+01 8.182217182703136871e+01
2.392263309729871423e+02 4.960704401351414106e+01 8.172069545363385146e+01
2.392223476959627249e+02 4.930769040897239819e+01 8.157578253960907944e+01
2.392203606855802889e+02 4.917072553647737720e+01 8.158770151648386104e+01
2.392179849122969415e+02 4.925495132750189242e+01 8.157430770892149496e+01
2.393405377886795975e+02 4.926143070918374889e+01 8.165173014918005379e+01
2.394988321685873416e+02 4.906341771956618913e+01 8.163909535490041947e+01
2.395375541876860837e+02 4.881061384427886196e+01 8.145344872803566716e+01
2.394878449885068221e+02 4.873254038043226899e+01 8.139081779053084631e+01
2.394959719843877792e+02 4.877325558075315115e+01 8.141574181206708261e+01
2.397126702766078949e+02 4.833645577822002082e+01 8.162000277687786820e+01
2.398555653260517317e+02 4.800283241542092583e+01 8.158404220854352218e+01
2.399365205720368408e+02 4.766371083445179835e+01 8.155059934280556888e+01
2.399301337529504394e+02 4.759054935900402938e+01 8.155899785563320847e+01
2.399868807948041649e+02 4.773952577096928707e+01 8.169397880316563487e+01
2.402049922093148950e+02 4.788496937720800162e+01 8.208728035667454037e+01
2.403482019715832791e+02 4.780788324771292963e+01 8.222447972107804048e+01
2.403526264636460326e+02 4.758181453541290296e+01 8.212109655821416254e+01
2.404151000447385798e+02 4.772620909890313357e+01 8.228774934049150147e+01
2.404627173292605846e+02 4.787162802178306720e+01 8.242135727619135821e+01
2.402619675722373813e+02 4.791836904706808298e+01 8.214237361348945399e+01
2.399756930624334643e+02 4.824974930963730912e+01 8.198873204671325254e+01
2.398748522855247529e+02 4.839161691427160861e+01 8.191287082889803628e+01
2.396680952160565141e+02 4.863862637108344700e+01 8.187633328705203439e+01
2.393566930470063596e+02 4.913319757485999872e+01 8.197087055121025401e+01
2.398005214359544084e+02 4.836977522716403399e+01 8.172096697058051973e+01
2.399686737322781198e+02 4.773788124219002782e+01 8.138908686999583608e+01
2.399476990481479675e+02 4.814611005692599832e+01 8.159929960969438412e+01
2.398638867033831730e+02 4.851122938553863406e+01 8.172361426081053537e+01
2.398789774918622015e+02 4.871019885530923688e+01 8.185150799895095020e+01
2.400439271223831668e+02 4.876885885746902716e+01 8.199119421175235800e+01
2.401959488437389041e+02 4.867351321331049974e+01 8.207005137224047076e+01
2.401270575893614705e+02 4.863297696734083075e+01 8.203999321207633955e+01
2.398022029897718426e+02 4.882533129695623586e+01 8.193436077814288865e+01
2.395257771401243474e+02 4.894829761959858416e+01 8.180852501504142538e+01
2.394322426374168913e+02 4.899199333549312740e+01 8.159382607488313965e+01
2.395118896653862066e+02 4.909537032751731545e+01 8.154614708196417894e+01
2.396144181669520776e+02 4.918414711281837981e+01 8.155516576418136765e+01
2.396422054581077248e+02 4.919738664938831363e+01 8.156495888678051642e+01
2.397435337313524997e+02 4.919211675228707037e+01 8.159934897641196017e+01
2.398126656484781165e+02 4.905802440567099865e+01 8.167109115872942482e+01
2.398376976597090504e+02 4.896183644189382989e+01 8.174959349593495972e+01
2.398476851637586549e+02 4.906677465636136759e+01 8.187386495117323193e+01
2.399038459758411648e+02 4.912796778821677890e+01 8.190326591690964619e+01
2.399337992317304611e+02 4.914034340722913896e+01 8.187897749186220153e+01
2.400396661575723840e+02 4.893475879730334555e+01 8.205874639391555547e+01
2.400426065626880074e+02 4.881977754122892321e+01 8.213446568241774060e+01
2.400592955986485890e+02 4.894697088906372784e+01 8.221493034664692345e+01
2.400811218586569282e+02 4.914925718517147146e+01 8.240108298236683027e+01
2.402022215022909108e+02 4.924646642291850185e+01 8.248146434026010354e+01
2.403185850264574697e+02 4.920003702503818488e+01 8.256189506487095287e+01
2.403218000339396099e+02 4.912074173493157758e+01 8.244253251261164905e+01
2.402793693401829671e+02 4.917441261319633838e+01 8.245407506826491328e+01
2.403649989972385583e+02 4.921605343947177857e+01 8.251312691874547056e+01
2.403956217892349798e+02 4.922331343237531343e+01 8.248767220499529174e+01
2.403700652566298004e+02 4.924594807238394623e+01 8.244202033291679754e+01
2.403494885916601049e+02 4.923543913237993763e+01 8.230907576248438318e+01
2.402658983971244027e+02 4.922678452970487939e+01 8.227648755804446523e+01
2.401345767575322725e+02 4.928801777201832834e+01 8.221944431588528346e+01
2.401991823637401353e+02 4.923663318986130832e+01 8.226233165177951889e+01
2.401014547754585635e+02 4.937361966029527593e+01 8.222999953718702670e+01
2.400344116875703833e+02 4.947096465651563335e+01 8.215427407784514457e+01
2.399776584748769608e+02 4.954490057234538369e+01 8.207821539315962411e+01
2.399422872217336931e+02 4.963788278489995776e+01 8.212294472470341589e+01
2.398777741781212853e+02 4.981187269557705122e+01 8.216507921815461657e+01
2.396476666512395752e+02 5.009540426713564898e+01 8.220054303389333938e+01
2.396801221826260075e+02 5.024011045803057840e+01 8.231033152836272393e+01
2.398198978726030077e+02 5.022530969901729492e+01 8.234591567547553836e+01
2.399213773314203593e+02 5.006377254284876699e+01 8.243486215886827040e+01
2.398184569815337568e+02 5.014579534410145101e+01 8.233231823020317108e+01
2.396363863562734196e+02 5.022127088443559728e+01 8.236219126517640632e+01
2.397410468829546062e+02 5.027861958315978086e+01 8.234725474768978870e+01
2.399572792767775979e+02 5.017839280480091446e+01 8.243136020734021940e+01
2.403188411163048954e+02 4.985056077505746686e+01 8.245979235124418949e+01
2.404774286110982473e+02 4.970849878897271168e+01 8.251422841363138616e+01
2.404897641196525910e+02 4.979784946236559051e+01 8.260309159068820861e+01
2.403567701825025722e+02 5.014832230295737503e+01 8.266307523796299961e+01
2.403395350272288340e+02 5.025695067956372242e+01 8.272529890004781805e+01
2.402658490304068266e+02 5.019948782030515133e+01 8.265754308017463359e+01
2.401498434149426942e+02 4.994095432035913973e+01 8.243400749757023505e+01
2.398529458046003526e+02 4.987666342697582422e+01 8.210570648400981497e+01
2.393925548819055678e+02 5.008354082781814753e+01 8.192925749371345034e+01
2.392340877184862791e+02 5.031291093935607250e+01 8.196158960830595674e+01
2.393009333395041836e+02 5.031177550485182337e+01 8.199738664938831789e+01
2.392890606439271153e+02 5.036092007219882305e+01 8.193017077798862147e+01
2.393401366840992921e+02 5.025277610650869065e+01 8.192645593249100955e+01
2.391523333487604361e+02 5.030260872248191362e+01 8.187465481865444872e+01
2.387789574366331919e+02 5.058798228969006772e+01 8.180033631076348399e+01
2.384480245599419845e+02 5.098465620709337998e+01 8.187623455361688229e+01
2.384521096558214026e+02 5.120199009580228733e+01 8.194420943829931048e+01
2.384691689421638046e+02 5.130035636599249926e+01 8.202182934542817350e+01
2.385120562780580258e+02 5.137747334968605628e+01 8.204518597368137023e+01
2.385189213372209736e+02 5.142101479458817437e+01 8.207364280094414255e+01
2.384904058869810797e+02 5.133359250860060996e+01 8.194773915860601221e+01
2.384451366069637857e+02 5.125644775612841642e+01 8.187376004689838283e+01
2.384462473581092468e+02 5.131147313370667007e+01 8.174161151478686804e+01
2.385246355347804013e+02 5.134812792150692218e+01 8.171705157279276932e+01
2.385579148732663839e+02 5.149942148377840567e+01 8.173056571172922702e+01
2.386065904567963969e+02 5.174564415852886867e+01 8.191411733851684573e+01
2.388118325851190207e+02 5.206671294796439753e+01 8.227742861109825867e+01
2.390352077258912971e+02 5.248059425186282567e+01 8.269072059980561562e+01
2.391664337174680952e+02 5.260355131824562847e+01 8.305076749818731230e+01
2.392962558430138245e+02 5.267123617346230446e+01 8.311310840622637386e+01
2.391088505268354254e+02 5.267729902346462012e+01 8.305044352910321948e+01
2.387122444886688015e+02 5.257706298884620821e+01 8.278782184785794129e+01
2.383499730025763199e+02 5.261799725397633409e+01 8.259130528686691264e+01
2.385364588636398651e+02 5.194493759738356431e+01 8.247713858163250222e+01
2.386981996575183871e+02 5.162975578901899354e+01 8.237073479273692556e+01
2.389548294534178865e+02 5.111886271424383921e+01 8.232084046836673963e+01
2.391317505129510437e+02 5.071151941500439619e+01 8.226538930284938544e+01
2.391569491368537967e+02 5.070162755897008822e+01 8.204515820490273370e+01
2.391966461486246658e+02 5.061668595054072028e+01 8.194623347371994271e+01
2.393148177288224474e+02 5.051566930470063710e+01 8.204400425787939355e+01
2.395272457999722349e+02 5.043126764474475721e+01 8.204807084123972061e+01
2.396737045093411211e+02 5.042380709955106965e+01 8.213484210363925797e+01
2.394979960198083973e+02 5.084863238765215243e+01 8.216418444639855068e+01
2.393843661776276122e+02 5.111845852424368530e+01 8.218886163434689252e+01
2.393908023634316180e+02 5.121657179000632709e+01 8.220280464664229214e+01
2.395738510667839023e+02 5.103817898520541263e+01 8.223043458138566564e+01
2.397063266533993726e+02 5.085248607704293278e+01 8.219310100121873575e+01
2.397656747041853862e+02 5.084226099566498647e+01 8.221819163542679121e+01
2.397320960799740703e+02 5.091563536508230214e+01 8.228079171873312703e+01
2.396647290230017973e+02 5.116730072044553168e+01 8.241217198130235033e+01
2.395820150877030699e+02 5.122967248268307827e+01 8.234676108051402821e+01
2.395032690023294890e+02 5.108336187346693436e+01 8.224704031101032342e+01
2.397156693047006399e+02 5.068934141713333474e+01 8.224029249780163298e+01
2.398577127782662899e+02 5.053906604341185727e+01 8.231053825149257364e+01
2.400046682402307852e+02 5.052129711050431382e+01 8.241444285031086281e+01
2.400270251924530669e+02 5.044192159948165255e+01 8.234502090371947247e+01
2.400949445395782220e+02 5.023849986886965979e+01 8.234822974036191567e+01
2.400521806204779409e+02 5.028890637293469723e+01 8.227744095277765268e+01
2.397834158683142789e+02 5.051044877431696278e+01 8.219231730457721596e+01
2.394958362259144451e+02 5.079841717961771508e+01 8.210246987858873524e+01
2.392897610342327255e+02 5.131899847271717618e+01 8.229331543789821524e+01
2.389975810308387736e+02 5.154135542493944655e+01 8.224929575291957917e+01
2.387977291309915131e+02 5.132877308279724105e+01 8.193714691226608693e+01
2.386486107897132172e+02 5.102119991977908597e+01 8.156525200166612422e+01
2.386462226747504758e+02 5.100157973496243358e+01 8.150323506271115548e+01
2.385036269110319154e+02 5.107538606315854679e+01 8.147917495873251426e+01
2.384114253096990126e+02 5.117400533777633598e+01 8.145952700513721823e+01
2.384486077042933516e+02 5.118848521312537514e+01 8.153459218463152069e+01
2.386173338887089130e+02 5.100216905015349766e+01 8.144152666574103705e+01
2.387870782616744521e+02 5.087220190987488877e+01 8.147443266842535081e+01
2.386537603554403688e+02 5.083695407352555407e+01 8.133469400348651845e+01
2.385179185757702101e+02 5.087470109995217626e+01 8.129902655003779444e+01
2.384553123216241772e+02 5.100406658336033416e+01 8.138394964594807846e+01
2.384443127998642353e+02 5.103625368321994671e+01 8.138854075068265104e+01
2.384249085944369995e+02 5.103507813825765993e+01 8.143225497909628530e+01
2.381733265454096795e+02 5.116883725953009332e+01 8.151243578469940587e+01
2.381113404606531958e+02 5.136880640533160403e+01 8.151079125592015373e+01
2.381900556918282632e+02 5.133885314944230771e+01 8.155484488051712333e+01
2.383339072214251644e+02 5.132328412088674696e+01 8.171310840622638239e+01
2.384911710711035084e+02 5.139863932984680872e+01 8.182632480214745385e+01
2.385911355887752450e+02 5.156659415930023016e+01 8.203662393360175997e+01
2.386169050153499711e+02 5.176936486632418166e+01 8.211855725767884451e+01
2.386124620107681267e+02 5.197231761311920195e+01 8.217404236281451801e+01
2.386069144258804897e+02 5.200313170114623063e+01 8.222120300519893021e+01
2.386371793091744848e+02 5.202377933077243455e+01 8.221492726122707495e+01
2.386553215778837114e+02 5.202425448542910402e+01 8.215966739174032796e+01
2.386071489177889760e+02 5.219752857870134477e+01 8.223124604680582195e+01
2.385191064624118837e+02 5.225816324956418413e+01 8.226035389765662842e+01
2.384343006124558428e+02 5.229829222011385070e+01 8.227297943567670302e+01
2.383298498943243828e+02 5.236399623578778773e+01 8.219880285709878365e+01
2.383411024205118736e+02 5.255383594822665572e+01 8.227127319850048082e+01
2.382084602212246125e+02 5.287344841949368401e+01 8.237427685472300709e+01
2.381662825318955186e+02 5.315137995402724158e+01 8.240933339504172750e+01
2.382223538668024219e+02 5.322148686382499250e+01 8.237363817281436695e+01
2.383154193856929055e+02 5.323386556825720106e+01 8.242327023649743012e+01
2.384003085419848560e+02 5.337722034525847903e+01 8.250871785378195966e+01
2.384347048024559967e+02 5.364263433146665250e+01 8.262733990527760852e+01
2.386195646472593808e+02 5.379297449900495565e+01 8.280207031671834272e+01
2.389511238641798059e+02 5.377581956464725721e+01 8.304060412520634316e+01
2.391161598864565576e+02 5.367075484796593798e+01 8.317529504327301026e+01
2.391849801761774756e+02 5.374729485814782493e+01 8.321877169435830979e+01
2.392485490813162414e+02 5.379573594976936590e+01 8.319258882152388423e+01
2.392555468135326464e+02 5.374679810555221593e+01 8.329301923759275894e+01
2.393677265083846351e+02 5.359176501442433960e+01 8.339207664182903557e+01
2.394290739112324786e+02 5.326640440597954296e+01 8.330864380370559275e+01
2.395218401443976575e+02 5.284567038459758237e+01 8.313669952638805682e+01
2.395619382607488319e+02 5.260068804862621761e+01 8.298906218663704237e+01
2.395117878465312060e+02 5.258184230419153948e+01 8.293383317134879462e+01
2.395227441724132689e+02 5.233865876799185202e+01 8.275128430601193941e+01
2.395991484241218075e+02 5.185376344086021305e+01 8.244804615788093827e+01
2.396186050816864963e+02 5.125516422147143913e+01 8.218560960182657027e+01
2.396067046173307915e+02 5.075901636815229523e+01 8.182350164298607353e+01
2.397031455855355659e+02 5.056395612532975292e+01 8.193579858379229108e+01
2.398966970580521831e+02 5.079793585412134860e+01 8.223910461115995929e+01
2.401787044322056204e+02 5.083020626031687073e+01 8.246878017926289317e+01
2.401270637602011675e+02 5.061911109054164370e+01 8.234604834852902400e+01
2.397941685564863121e+02 5.022415883741380327e+01 8.196037395288563232e+01
2.395950664136622379e+02 4.983062896283611565e+01 8.174206198608474949e+01
2.394392959071905693e+02 4.975553292914333525e+01 8.168513598987982505e+01
2.394068311195445915e+02 4.982493944863547597e+01 8.167641350796809263e+01
2.395215747982906862e+02 4.973151910646241447e+01 8.172649295752918874e+01
2.396514987426914161e+02 4.947521945048672620e+01 8.171562610882276090e+01
2.397669428117431210e+02 4.904740747597229245e+01 8.160706869687292908e+01
2.397004242452291578e+02 4.875084309097360347e+01 8.142289998611560975e+01
2.395517995711266508e+02 4.872524953333024911e+01 8.138442171518489943e+01
2.395070301291248143e+02 4.878881843846901489e+01 8.133016152172906743e+01
2.394704956726986609e+02 4.865575353666250180e+01 8.130686351645300647e+01
2.393415467209700580e+02 4.855204023387482692e+01 8.112081578500794876e+01
2.391444932969253898e+02 4.856544329769673141e+01 8.098324925564246257e+01
2.389628577158636915e+02 4.864331929467302018e+01 8.089894941454159039e+01
2.389279461902778507e+02 4.885772203452584961e+01 8.097485999907436849e+01
2.390436031532990739e+02 4.916204625044353094e+01 8.120019129603061003e+01
2.394204316502367931e+02 4.910176640286326943e+01 8.149788185927400264e+01
2.396149735425248082e+02 4.902916955924777653e+01 8.176929698708751459e+01
2.398073340429799032e+02 4.889592261767020176e+01 8.188347603400133323e+01
2.399285416763086118e+02 4.885949306551889038e+01 8.191591305286867453e+01
2.399157834652350232e+02 4.896399932120763054e+01 8.193892411409882470e+01
2.398969963437774879e+02 4.909781089461748849e+01 8.198511284923095843e+01
2.399690964347973647e+02 4.901788926428163506e+01 8.201572329954798590e+01
2.400693108714768300e+02 4.877393745853967033e+01 8.207745637987689236e+01
2.401456657564678210e+02 4.856436031532990683e+01 8.201404483115040023e+01
2.401579950941824393e+02 4.841416824794433893e+01 8.189850819950325445e+01
2.402951327501889693e+02 4.844357846994029870e+01 8.197550176640285713e+01
2.403937674519060295e+02 4.865658042918190063e+01 8.210636367843754613e+01
2.404348220484102399e+02 4.887895280850342061e+01 8.215426790700544757e+01
2.404091729532096053e+02 4.904030792490087975e+01 8.220952777649218035e+01
2.403134262044707725e+02 4.920397402076487481e+01 8.223330402184477350e+01
2.402904706807978812e+02 4.928304716064238278e+01 8.230853889943074364e+01
2.402467780503232007e+02 4.948158775705404366e+01 8.232756668363647634e+01
2.402160009873343540e+02 4.960266888816895658e+01 8.241115379275234432e+01
2.401850326283149002e+02 4.979597969793739765e+01 8.243955508245784358e+01
2.402446768794063701e+02 4.995789636074729145e+01 8.263269002329491286e+01
2.402168803319911774e+02 5.052063991607658267e+01 8.277204609617253084e+01
2.402198731892442254e+02 5.110506471668131923e+01 8.296159269372580525e+01
2.401587016553277465e+02 5.154848891562919277e+01 8.317301800342481499e+01
2.401796825102975959e+02 5.163878064207587215e+01 8.315473380540257153e+01
2.402575245676555369e+02 5.161319325527220769e+01 8.319757177457923092e+01
2.403528085034170942e+02 5.153555483562426076e+01 8.313402138195955615e+01
2.404524336249054954e+02 5.137904074296910295e+01 8.309662917881550470e+01
2.404612764381913337e+02 5.139334474938677033e+01 8.308202897209237392e+01
2.404377192576479843e+02 5.147078261674457167e+01 8.308560805911663749e+01
2.404557998179602407e+02 5.147157556964563696e+01 8.308504651270420993e+01
2.404135419077150857e+02 5.170304993752024814e+01 8.304436833742151691e+01
2.403035004088181381e+02 5.193533885623486412e+01 8.302549790962805787e+01
2.401793677974730485e+02 5.214533870196387255e+01 8.307170515727928262e+01
2.400297712161182346e+02 5.217076256151555924e+01 8.298560960182656743e+01
2.398731861588065613e+02 5.209474707270791782e+01 8.291325342095925066e+01
2.400110334613782470e+02 5.163822835192299010e+01 8.285853041452615741e+01
2.402012958763363599e+02 5.133076009317967703e+01 8.273589114638774333e+01
2.402894802610265117e+02 5.122820073741534230e+01 8.285057620215670227e+01
2.402497338825380666e+02 5.131258388485213118e+01 8.276300273059656831e+01
2.401689051387667462e+02 5.124425417688711804e+01 8.272668116813996164e+01
2.401309483037904329e+02 5.112368214004720812e+01 8.268613258049089154e+01
2.401537001897533230e+02 5.100793569985035703e+01 8.263816664352602004e+01
2.401934928495394956e+02 5.089641011400626525e+01 8.260993505191218844e+01
2.401615371561685208e+02 5.079667700282315934e+01 8.259000941053054134e+01
2.401696610666296294e+02 5.074734113944555247e+01 8.262510297588744379e+01
2.400457074096357530e+02 5.100571728297928331e+01 8.257233304021845299e+01
2.400457320929945411e+02 5.118577621449838944e+01 8.262650992733836119e+01
2.401128584872186593e+02 5.136010552135881824e+01 8.274566575646781530e+01
2.401718887397602771e+02 5.154813717776646342e+01 8.283439008963144090e+01
2.401635766186883814e+02 5.168870273522469461e+01 8.297663411548727197e+01
2.402896314465990883e+02 5.167892503972478124e+01 8.310891223523240967e+01
2.402919732802641022e+02 5.166704000246833317e+01 8.307818145354129058e+01
2.403132750188981959e+02 5.181355424939448540e+01 8.320441215038336225e+01
2.403450085620400785e+02 5.192845528455284665e+01 8.328220175560389293e+01
2.403981240647321158e+02 5.187408710140232415e+01 8.327950201323645274e+01
2.404635905030777110e+02 5.168158158621434239e+01 8.323976180558769045e+01
2.405588991221980564e+02 5.143681214421252434e+01 8.315181191280603912e+01
2.406776569321670536e+02 5.124037271871770116e+01 8.323937304268677906e+01
2.408299439996297622e+02 5.111850480554141285e+01 8.330707332500270468e+01
2.408441616142916644e+02 5.135322812051649777e+01 8.336256460097807519e+01
2.410082288147359577e+02 5.154847348852995026e+01 8.363837645207571825e+01
2.410966384350750502e+02 5.179576988938769944e+01 8.390818716156800861e+01
2.410927631477453303e+02 5.201179864550068999e+01 8.397253050708874866e+01
2.409916446830502537e+02 5.201062310053840321e+01 8.396805047746872219e+01
2.410525385291803673e+02 5.196397155242899402e+01 8.389094583545455919e+01
2.412310763487141401e+02 5.158879375511022403e+01 8.404506564230727861e+01
2.413451813455515946e+02 5.136707548479659380e+01 8.403713611329661148e+01
2.413679517440335758e+02 5.124348282192499227e+01 8.404629981024667984e+01
2.412983138180528044e+02 5.130935036485089995e+01 8.400530075129972829e+01
2.412709584856759477e+02 5.138362567686397853e+01 8.397868900510637502e+01
2.413416670523441496e+02 5.147507752117369506e+01 8.395725459341879571e+01
2.413736906249517915e+02 5.144149889696240763e+01 8.386724364017834432e+01
2.413676987396059985e+02 5.144229802070316993e+01 8.368590425942210231e+01
2.412839388469786002e+02 5.149590719057095356e+01 8.364693232131561729e+01
2.411568473179987961e+02 5.180331374091729657e+01 8.372708535814011555e+01
2.409830733867110837e+02 5.224595424322364323e+01 8.378630073587262928e+01
2.409019546134740324e+02 5.214361395226855223e+01 8.366710171086531034e+01
2.407013652982829512e+02 5.174389164005491892e+01 8.333556717730364483e+01
2.404598386325419312e+02 5.142800944138473795e+01 8.296111136822943877e+01
2.403141759614939588e+02 5.148896499591182163e+01 8.294627358417797325e+01
2.404765554372811209e+02 5.147211860353897350e+01 8.311515712500577990e+01
2.405322904614245374e+02 5.137950972678607542e+01 8.328058191018342882e+01
2.406821616451458681e+02 5.116332669968065971e+01 8.317804415235802651e+01
2.407359806235633641e+02 5.080805911664429431e+01 8.302217799787105434e+01
2.408204841023742233e+02 5.067129479643942602e+01 8.305355363231051058e+01
2.406191172613813478e+02 5.116870458647660769e+01 8.304081084833619286e+01
2.405397448357785208e+02 5.146036006849632116e+01 8.306757686552197129e+01
2.404405948689467891e+02 5.170589469462056798e+01 8.309867481217506224e+01
2.404132611345088719e+02 5.179391246663890058e+01 8.309595347186868253e+01
2.402901528825534854e+02 5.178891100106446999e+01 8.300086083213773236e+01
2.401673254038043126e+02 5.177206460869162896e+01 8.284159454497770980e+01
2.405184862930223346e+02 5.099318430755464959e+01 8.299257956526435009e+01
2.406771416670523536e+02 5.062107341756529166e+01 8.309184986347017343e+01
2.406666697520865057e+02 5.066986933246941760e+01 8.321050894000400433e+01
2.406167723422964855e+02 5.103421730611992757e+01 8.344220237268785922e+01
2.403963561191589235e+02 5.157825087548788190e+01 8.340055846099258474e+01
2.403669119575446302e+02 5.171178784653121596e+01 8.334269758257354965e+01
2.404214776075654356e+02 5.166883571682016907e+01 8.333385785470757412e+01
2.405370265808919896e+02 5.172791225065950727e+01 8.335604510883818818e+01
2.405441415590626377e+02 5.197745792258681519e+01 8.351060921614909205e+01
2.406992363585874841e+02 5.202698508199502925e+01 8.366720044430046244e+01
2.407580845713580402e+02 5.187975810308387992e+01 8.369983493003810793e+01
2.408203699418398287e+02 5.146323567979512603e+01 8.352837506363678699e+01
2.407041946282840570e+02 5.140487187794079205e+01 8.344873420650715445e+01
2.405291741873775493e+02 5.182169050153499512e+01 8.363365267428766003e+01
2.403495533854769235e+02 5.255392233998241380e+01 8.390589160920072231e+01
2.403283380385986163e+02 5.295803211922062559e+01 8.411510158744850685e+01
2.404629672482683134e+02 5.269491985621943542e+01 8.413046080745436939e+01
2.408433995155890841e+02 5.186309683590194197e+01 8.390997053424044338e+01
2.409442834883756746e+02 5.144139707810739992e+01 8.373306798722636302e+01
2.410118418413785548e+02 5.136571481464340394e+01 8.370116166057296425e+01
2.409862421128955248e+02 5.142881165054534875e+01 8.370270128507736729e+01
2.411800003085419917e+02 5.109764119652581371e+01 8.372208389256567784e+01
2.414883139723237946e+02 5.057560049983801775e+01 8.351853565973989646e+01
2.415407753660079209e+02 5.042557195970441342e+01 8.349366409034109893e+01
2.415238857777572150e+02 5.064724086330047470e+01 8.350244519522993869e+01
2.414732046713256466e+02 5.103164715138612451e+01 8.362946884497307565e+01
2.414725906727757945e+02 5.129454343499791946e+01 8.373885623486215479e+01
2.414322426374168913e+02 5.134552691257462698e+01 8.369260579133305100e+01
2.413693741225837357e+02 5.137889572823621620e+01 8.359664306320482297e+01
2.412984866015643206e+02 5.134231190509248677e+01 8.369239598278335279e+01
2.412245352586353135e+02 5.146253220406966733e+01 8.386405640147482643e+01
2.412723962913253501e+02 5.146096789620647627e+01 8.400329831381804979e+01
2.413095540025609012e+02 5.144261890436741425e+01 8.400190061862667790e+01
2.413843353234291271e+02 5.141731537618981207e+01 8.410487033523087064e+01
2.413497230835685912e+02 5.154637540303296817e+01 8.400062942564909463e+01
2.413446475679178036e+02 5.170211814072600021e+01 8.399274617793616926e+01
2.412835994507952648e+02 5.180548587649064274e+01 8.393203128615726882e+01
2.410193486678699912e+02 5.193779176501442407e+01 8.378105243671032554e+01
2.406438067910090979e+02 5.188063436232085479e+01 8.358998164175190482e+01
2.403898674812174932e+02 5.180526681168139902e+01 8.326275126887891531e+01
2.402886163434689308e+02 5.175837151540395809e+01 8.323535582604402805e+01
2.403262553802008483e+02 5.184933586337761113e+01 8.320446460252078680e+01
2.402937628237762340e+02 5.192972956295027842e+01 8.324028941238178447e+01
2.402537480137609691e+02 5.194348745005476786e+01 8.322952129711050873e+01
2.401644436216658107e+02 5.179295907190570603e+01 8.310105367087825812e+01
2.401021428240847797e+02 5.178121904938214470e+01 8.306661729994908683e+01
2.398164668857314723e+02 5.218888940312552904e+01 8.303452893352462638e+01
2.396932167044630546e+02 5.243260363153915904e+01 8.313568133783805081e+01
2.397432591289859829e+02 5.232433933447494212e+01 8.315370018975332300e+01
2.399374863084494223e+02 5.194560713349068948e+01 8.298632233381157164e+01
2.400284444855833783e+02 5.162354175344410123e+01 8.278822603785809520e+01
2.400554542509372027e+02 5.159555390999830138e+01 8.284166242421437687e+01
2.399517100939510215e+02 5.170969593187393087e+01 8.282424214374971427e+01
2.400907607102636518e+02 5.171669674951019147e+01 8.290114314805387608e+01
2.405323583406612045e+02 5.131910954783172230e+01 8.294718686845313016e+01
2.407945326360284355e+02 5.104037888955739533e+01 8.290103515835917847e+01
2.408566791626170414e+02 5.088850835377424175e+01 8.288362721957390988e+01
2.407567825241819719e+02 5.097991391678622364e+01 8.283309112787522110e+01
2.406063436232085166e+02 5.117355795189830303e+01 8.288299779392481526e+01
2.405035405192761573e+02 5.143023711451535718e+01 8.298206136900078889e+01
2.405222659323367509e+02 5.128439857453602713e+01 8.294197250890914574e+01
2.404828527791919157e+02 5.130014655744280105e+01 8.294430817173446258e+01
2.403658999398343212e+02 5.164873420650715019e+01 8.305172089292049975e+01
2.400804955184276821e+02 5.211552428996775888e+01 8.320523595748291257e+01
2.400388732046713187e+02 5.212648061584980042e+01 8.310526835439132753e+01
2.401100260717977335e+02 5.197657240709029480e+01 8.300276453618425876e+01
2.403026827725582848e+02 5.176361672914642043e+01 8.301145924931735465e+01
2.402631060921614790e+02 5.183724718841116186e+01 8.293192946730226822e+01
2.400364789188688803e+02 5.187652149766279308e+01 8.287476589376899483e+01
2.396785763872819075e+02 5.190040881812992524e+01 8.262572314527699291e+01
2.395646596010552116e+02 5.153881612440412852e+01 8.233479890776136756e+01
2.396576325573502402e+02 5.109921167522870888e+01 8.212064917233612960e+01
2.397128029496613806e+02 5.096778513136175093e+01 8.203791363909843426e+01
2.395845944986964184e+02 5.158801005846870424e+01 8.228832014316347454e+01
2.394434241989478664e+02 5.261896916122861256e+01 8.284477561284151648e+01
2.396542632788756748e+02 5.304882676910260386e+01 8.341264405053917130e+01
2.401162524490520127e+02 5.292090834760340101e+01 8.352661945974298874e+01
2.404451643757424222e+02 5.231924530630505643e+01 8.343871893367889925e+01
2.405851097638111185e+02 5.192051649928264112e+01 8.325559000941052545e+01
2.406368645963499375e+02 5.169722157942641871e+01 8.317051572792767900e+01
2.405425278844818706e+02 5.163169343268385347e+01 8.302265006710787532e+01
2.404710788170500280e+02 5.143717005291495070e+01 8.285184122429460274e+01
2.404136159577914498e+02 5.112360191913114704e+01 8.272515388531493841e+01
2.403888585489270326e+02 5.100278613412319828e+01 8.264281945665756268e+01
2.401197698276793062e+02 5.129221394301229253e+01 8.267684546674688306e+01
2.399372764998997241e+02 5.157161722281359317e+01 8.262622298329245041e+01
2.399771277826630183e+02 5.138161706854260302e+01 8.271174156523349552e+01
2.400710016815538097e+02 5.127081347094306096e+01 8.273809105073972603e+01
2.402858826614831571e+02 5.104740439055244394e+01 8.272648370126964323e+01
2.403316795482945452e+02 5.124579071597167257e+01 8.272014007806112090e+01
2.402547600314712781e+02 5.200250536091698450e+01 8.298329245152034161e+01
2.400766294873574793e+02 5.268799308865953890e+01 8.331302818531031562e+01
2.400673578007127276e+02 5.294175035868006063e+01 8.342979589947702834e+01
2.402662840746054655e+02 5.256520572036839667e+01 8.335916446830502480e+01
2.405892195430493246e+02 5.157938630999213103e+01 8.302389349130683627e+01
2.405098224340877096e+02 5.108042146835130382e+01 8.270931951065240639e+01
2.404716681322410921e+02 5.063082951512627261e+01 8.247328797766155617e+01
2.405492386726523932e+02 5.010562009225405689e+01 8.222520479474243871e+01
2.406267937859644235e+02 4.975034016753829746e+01 8.208369509881056558e+01
2.406891902315607581e+02 4.953818052791533688e+01 8.213247250119559340e+01
2.407902408170191677e+02 4.938435075052837675e+01 8.218275558846670492e+01
2.408122738001573566e+02 4.928998626988167331e+01 8.221554434519677557e+01
2.407417627003594589e+02 4.926719427346075975e+01 8.220628500023140361e+01
2.407349377516545701e+02 4.928508970858209182e+01 8.216167600006170346e+01
2.407967880779376912e+02 4.900107372610727907e+01 8.227434010582990709e+01
2.408422363123061984e+02 4.880280156122244506e+01 8.239163234137085112e+01
2.408597707533052699e+02 4.865458107712007063e+01 8.247107881705002796e+01
2.408307492942102215e+02 4.875054689066814717e+01 8.248728652751422885e+01
2.407009580228629488e+02 4.917193193563814191e+01 8.262244642939788264e+01
2.407225343638635593e+02 4.944290276299347653e+01 8.285529380910507768e+01
2.408431125715431733e+02 4.944971228459912993e+01 8.291319479798212910e+01
2.410100800666450596e+02 4.910924237515619950e+01 8.289966831736629160e+01
2.409713765600654085e+02 4.886410576819240958e+01 8.268902361888893893e+01
2.408927538914857962e+02 4.879091960938584549e+01 8.259271840915752705e+01
2.408101201771031015e+02 4.896967340830903481e+01 8.259241912343222225e+01
2.406729609231576319e+02 4.941958007435862044e+01 8.276904089724008884e+01
2.407604788571604786e+02 4.958301476373397776e+01 8.288482744789497758e+01
2.408003332253436497e+02 4.963053948566051332e+01 8.303710525909812645e+01
2.408132642199287261e+02 4.973829160302988583e+01 8.312761296493420105e+01
2.408267567609262301e+02 5.019117569923326982e+01 8.320184816648925619e+01
2.407591459557859253e+02 5.058169728945865984e+01 8.330928557103408139e+01
2.407344656824177491e+02 5.072176300890143352e+01 8.333961524814489508e+01
2.407396245044044463e+02 5.095509788494469205e+01 8.344828373520927300e+01
2.407010598417179494e+02 5.107553416331127494e+01 8.354129063112263509e+01
2.407447864118109919e+02 5.131861896607581031e+01 8.341386587679917852e+01
2.407761404483115086e+02 5.129320744820351763e+01 8.335228398204286293e+01
2.407648262137270194e+02 5.123159778466855130e+01 8.321631570015890134e+01
2.406665339936131716e+02 5.114449946776507261e+01 8.313120439363785863e+01
2.406297187639808044e+02 5.121456626710479298e+01 8.308499406056678538e+01
2.405334258959287865e+02 5.111637586584594573e+01 8.290025146171765869e+01
2.404848583020934711e+02 5.094850125730858537e+01 8.277445580907422595e+01
2.404798321531602312e+02 5.080755310778913980e+01 8.279825673778559292e+01
2.405104271763780162e+02 5.093096373088967965e+01 8.285471375017355911e+01
2.404648894648339308e+02 5.130120485645084472e+01 8.305829592261767402e+01
2.404504157603245744e+02 5.167737615896083270e+01 8.325127659246231815e+01
2.405060736489717783e+02 5.173657919501395952e+01 8.340228012526804946e+01
2.405674087101402279e+02 5.169060026843152400e+01 8.338858703198037858e+01
2.406582835809382743e+02 5.153929127906079799e+01 8.339317196587525416e+01
2.407711605806760247e+02 5.166021813918329286e+01 8.353459835547121770e+01
2.407926289319819091e+02 5.195659122815136755e+01 8.382964471390444317e+01
2.407623702195276110e+02 5.215239814257725470e+01 8.403765446383116000e+01
2.407653353080020224e+02 5.211149164622575825e+01 8.404615479551380020e+01
2.407170916832507999e+02 5.197587201678468460e+01 8.386081053979420119e+01
2.404783511516329497e+02 5.175775134601440897e+01 8.362688943397972707e+01
2.402336310763487006e+02 5.148201354499313709e+01 8.329815337622066806e+01
2.401061631261473792e+02 5.161368383702812679e+01 8.328417025346723790e+01
2.400030206260316845e+02 5.201414665000540083e+01 8.342974653275945229e+01
2.399770938430446847e+02 5.232596843615495175e+01 8.363658073772388946e+01
2.399369216766171462e+02 5.257025038182070631e+01 8.386176393452738864e+01
2.399452368831088620e+02 5.254561330433038790e+01 8.379015751068327233e+01
2.398155813702349519e+02 5.268757347156014248e+01 8.372061214729794187e+01
2.395807469801453351e+02 5.300862991931627022e+01 8.376536307678067317e+01
2.392109779238209910e+02 5.356320945372641518e+01 8.383724718841116896e+01
2.392631400317798125e+02 5.369103839805001144e+01 8.392961540241587670e+01
2.399902870983169123e+02 5.262262846916894432e+01 8.385372641582203812e+01
2.404916647382792689e+02 5.167910399407599442e+01 8.362128322611499698e+01
2.405591336141065426e+02 5.100850033168263309e+01 8.324301692352787541e+01
2.405422810508939904e+02 5.069431202850928031e+01 8.296727295166689942e+01
2.405170330602736897e+02 5.048409003255117966e+01 8.277627929220469127e+01
2.402982829638543194e+02 5.094801376097252188e+01 8.271694666851792022e+01
2.403063636784375490e+02 5.091257771401243559e+01 8.270131593156538941e+01
2.403645732092994649e+02 5.066270807300103485e+01 8.255917063914472465e+01
2.402169975779454205e+02 5.057697042625075312e+01 8.239067277579796666e+01
2.401307446660804317e+02 5.072174449638234250e+01 8.242969716604187624e+01
2.395851529596889975e+02 5.185478162941021907e+01 8.252359883371130422e+01
2.393106493266071197e+02 5.249462982675367329e+01 8.269485814782245825e+01
2.391233951960012973e+02 5.293235216982150604e+01 8.281011709168325297e+01
2.388883232285833174e+02 5.340087625923697345e+01 8.290857900988876850e+01
2.388494191697135136e+02 5.365150491353110596e+01 8.304006109131300661e+01
2.392178614955030014e+02 5.317589670014347547e+01 8.312561978371206806e+01
2.393775998518998449e+02 5.271744959195322622e+01 8.307709230033476899e+01
2.394971321022508164e+02 5.261238178985205138e+01 8.305729007574706202e+01
2.396064824671016993e+02 5.266687956063621101e+01 8.313836256768639998e+01
2.396830255627034489e+02 5.262248036901621617e+01 8.329120501072183913e+01
2.396825874330849615e+02 5.271545332531124473e+01 8.337607256907483588e+01
2.396073772388577652e+02 5.308550315484179549e+01 8.352507983523858570e+01
2.394453124758951503e+02 5.340708720939201726e+01 8.348745314018604802e+01
2.394938523009518576e+02 5.344116567161876219e+01 8.353848906990018008e+01
2.395465265886055306e+02 5.330002622606870943e+01 8.356551117693339847e+01
2.395546103886086371e+02 5.319332932228753208e+01 8.338652288610173002e+01
2.395044075222535866e+02 5.319021613366038537e+01 8.328309652735995883e+01
2.395215254315731102e+02 5.312151000447386195e+01 8.329425340553216017e+01
2.395359281714259225e+02 5.316364141250520703e+01 8.332087132256522466e+01
2.394853797380478682e+02 5.350086546026750511e+01 8.345953009055706673e+01
2.395421020965427772e+02 5.373442557195970437e+01 8.353132472501195593e+01
2.397182672282130795e+02 5.333136175005013513e+01 8.342194042054272529e+01
2.397399361318091451e+02 5.266183798460375698e+01 8.286323259437527611e+01
2.394519307014701894e+02 5.208151987781737091e+01 8.233004119035497581e+01
2.394261026519183702e+02 5.186763240307924860e+01 8.226040943521390147e+01
2.399486524428811549e+02 5.176638743617037619e+01 8.278335724533715734e+01
2.401485413677666259e+02 5.193400286944046229e+01 8.318964841640826080e+01
2.400712731985004780e+02 5.197624226716650497e+01 8.318008361487790125e+01
2.399242375156199500e+02 5.181023742305734459e+01 8.300819796053748689e+01
2.400804523225498031e+02 5.148579318430755336e+01 8.301480075901328348e+01
2.405536230542571161e+02 5.085979235124419517e+01 8.304442078955894146e+01
2.407522407861649754e+02 5.046096481078662777e+01 8.311863747859490559e+01
2.409041668595054091e+02 5.046489563567362779e+01 8.321152712855402456e+01
2.410431650236805865e+02 5.067833880995356566e+01 8.355108992456148087e+01
2.409268446953919351e+02 5.077710618472408299e+01 8.354545286249826574e+01
2.403838046312151846e+02 5.102009533947332187e+01 8.320011416053439746e+01
2.399141142530969830e+02 5.110479319973465095e+01 8.286994029712593601e+01
2.396951265793492780e+02 5.093351228768454320e+01 8.258954042671356888e+01
2.397491461100569268e+02 5.077475200937967514e+01 8.249376899461594803e+01
2.398890297897286246e+02 5.102498881535304776e+01 8.271632341370852259e+01
2.395175390691288442e+02 5.228058808102312582e+01 8.298675737801021057e+01
2.392562040079603776e+02 5.326876783758349632e+01 8.331087456225606047e+01
2.392557566220823446e+02 5.358298699495534123e+01 8.345861989170175832e+01
2.392276669597815442e+02 5.360538097221579079e+01 8.343072769627127627e+01
2.392780179262893228e+02 5.340781845389611249e+01 8.326633652674287589e+01
2.394903133243856246e+02 5.290118634393174801e+01 8.311830425325126726e+01
2.395394332083738220e+02 5.267702442109810335e+01 8.306994955338547015e+01
2.394894401505684982e+02 5.270326283148979485e+01 8.310274448095525202e+01
2.393094861233242341e+02 5.267907313987750939e+01 8.291956310454945367e+01
2.390579719535335812e+02 5.257858410083152023e+01 8.267033523086654156e+01
2.388864966600330035e+02 5.240757162030823224e+01 8.251422224279168915e+01
2.390085620400795960e+02 5.227707070239582521e+01 8.256959318739296805e+01
2.389249625892843483e+02 5.218375217907777142e+01 8.237804106693818085e+01
2.389190817790530730e+02 5.193224726554665693e+01 8.228901436262938773e+01
2.388193270699310347e+02 5.192575554218539935e+01 8.217828172968636125e+01
2.392704463059810962e+02 5.171296647691334414e+01 8.256788695021674584e+01
2.396027953903827381e+02 5.207324786720352705e+01 8.318054025701547971e+01
2.399657117292235569e+02 5.235605127967788519e+01 8.359989818114499371e+01
2.400151278135172106e+02 5.206496351491028918e+01 8.353255272211166016e+01
2.397921661190046336e+02 5.111705157279276790e+01 8.281700991962480884e+01
2.392388330942133052e+02 5.028761049659832594e+01 8.187506209407445112e+01
2.391026025516422067e+02 4.989494145415837778e+01 8.153156847317998768e+01
2.392443806791009138e+02 4.992282439332932142e+01 8.161847240863301067e+01
2.393698832168587387e+02 5.045014424337792036e+01 8.192179077768007289e+01
2.396295212971105002e+02 5.100385368939078035e+01 8.244930809459897603e+01
2.397800465898397135e+02 5.162310979466531080e+01 8.301069406519492588e+01
2.399860940127427966e+02 5.194269758257355107e+01 8.326966569475941071e+01
2.399754986809830086e+02 5.204631832276577086e+01 8.341634346893754071e+01
2.398679502013236515e+02 5.192322241248977832e+01 8.336210178800079973e+01
2.398999182363740204e+02 5.190088088736674621e+01 8.328448188087193671e+01
2.400836704154517918e+02 5.180913901359127749e+01 8.322476357970410277e+01
2.401396121627250295e+02 5.179995063328242111e+01 8.310959102759908035e+01
2.400847904228567984e+02 5.149872726431249248e+01 8.292769318585025928e+01
2.402331960321500617e+02 5.120228629610774362e+01 8.284127674673331398e+01
2.402534888384936949e+02 5.041151170145477778e+01 8.226361518643649617e+01
2.395479242837969309e+02 4.902596997886487173e+01 8.124895944215609234e+01
2.387231391061538659e+02 4.810650560775057727e+01 8.021399854985267552e+01
2.390158189475633037e+02 4.816932784128600531e+01 8.055707563906759106e+01
2.400526866293330954e+02 4.903950880116011746e+01 8.181634346893753218e+01
2.405857823853380921e+02 4.957403619197481959e+01 8.248794372194196001e+01
2.405271779207355678e+02 4.968480584995603522e+01 8.246104194628284745e+01
2.402472593758195671e+02 4.917406087533360903e+01 8.204785794727017390e+01
2.400806189352216222e+02 4.842093457367211329e+01 8.156162046250443609e+01
2.399773653599913530e+02 4.820220916061153105e+01 8.138750713503340251e+01
2.399525678406689053e+02 4.829740670461733032e+01 8.142289072985606424e+01
2.400584224248314626e+02 4.849787568843430563e+01 8.163982968482436320e+01
2.399962327023649777e+02 4.869550608599065100e+01 8.177134570586692064e+01
2.395355486647845566e+02 4.875084309097360347e+01 8.151557057126548500e+01
2.390136406411502321e+02 4.868780487804878021e+01 8.110833526172073960e+01
2.387451165517347818e+02 4.867092454605760565e+01 8.100401721664275101e+01
2.387714660372410265e+02 4.843591428703660995e+01 8.092790916523965450e+01
2.386349886610820477e+02 4.825946838216010093e+01 8.085877416269418916e+01
2.384901621388130479e+02 4.797129325372949893e+01 8.053468166180712728e+01
2.382315545887906580e+02 4.763082334428657560e+01 8.014474938677280136e+01
2.377066938183613445e+02 4.741514632603631441e+01 7.965561160734947066e+01
2.376090217676370173e+02 4.714154055013035816e+01 7.954529242066614358e+01
2.378342265623794844e+02 4.735957482914487571e+01 7.985637370605205376e+01
2.381783403526634970e+02 4.768532728591043224e+01 8.035234877585968150e+01
2.383231576186729512e+02 4.774326838524552130e+01 8.049480261026519656e+01
2.381159439070671624e+02 4.769093349377516233e+01 8.032931303127072908e+01
2.379830178491538106e+02 4.743788278489995491e+01 7.999898798228969099e+01
2.378764690455253685e+02 4.738152450594714793e+01 7.980196849786334212e+01
2.379638450502152125e+02 4.753152527730210863e+01 7.992902608722481261e+01
2.379483778405146381e+02 4.766344548834482708e+01 7.998806868144582438e+01
2.377590163681522881e+02 4.784326684253559847e+01 7.996402091914657717e+01
2.376806528748399501e+02 4.828041838293145815e+01 8.017056509464525504e+01
2.382277070702395747e+02 4.801720430107526738e+01 8.046462103330711102e+01
2.385487820305148148e+02 4.767511454621187283e+01 8.065458107712007063e+01
2.384179571435182936e+02 4.762537757825396056e+01 8.069035652026349226e+01
2.383362182008916932e+02 4.777850387991546199e+01 8.072023881149627300e+01
2.384206013483284607e+02 4.824838863948411927e+01 8.108695947301029605e+01
2.391028031039323594e+02 4.806492648987210714e+01 8.153918946020580449e+01
2.394505299208589690e+02 4.766620076826954033e+01 8.158381080205488445e+01
2.395160148717236837e+02 4.709494762499807052e+01 8.131726138134246185e+01
2.393323922802795494e+02 4.677038614029404329e+01 8.098585026457475067e+01
2.390917357029357788e+02 4.640367164961972435e+01 8.056625167769703921e+01
2.384824269912528223e+02 4.605720676941114533e+01 7.986988784498851146e+01
2.380682248036901569e+02 4.575659431357122031e+01 7.934353064593264548e+01
2.380372811280294911e+02 4.549335246293639301e+01 7.919520525755541485e+01
2.379253976334829872e+02 4.514948242082041219e+01 7.889558322148685932e+01
2.383725644467070879e+02 4.394805078601070392e+01 7.881722589901420406e+01
2.387715030622792085e+02 4.343810802054889564e+01 7.900872865275142942e+01
2.390735841779670068e+02 4.299182672282130824e+01 7.921489332160874142e+01
2.387397294086792954e+02 4.261700991962481311e+01 7.876936486632418166e+01
2.374734792736921634e+02 4.215866771570941296e+01 7.750885052683544529e+01
2.363581863902130351e+02 4.118446182564292712e+01 7.643136637817991641e+01
2.354286913191712642e+02 4.023191249749309861e+01 7.552043936378642286e+01
2.349636352416655143e+02 3.990327825858904021e+01 7.508486447293314825e+01
2.344314743678746140e+02 3.946358433223800688e+01 7.451207170515728251e+01
2.344789096126255288e+02 3.911923913546535658e+01 7.443753104703722556e+01
2.352282809583313963e+02 3.879870720908347437e+01 7.506817235155273238e+01
2.357244411533299342e+02 3.874166088150445120e+01 7.569351290476851091e+01
2.358109717529812883e+02 3.879193162709615450e+01 7.591174156523348415e+01
2.355058083028648070e+02 3.868436463491769928e+01 7.575278382005831190e+01
2.348851730149179957e+02 3.841440273985282516e+01 7.527507443575385082e+01
2.344489100754385049e+02 3.854606377562826935e+01 7.502849076688110586e+01
2.344648647814751428e+02 3.890529303775011272e+01 7.517550485182270847e+01
2.340538683451350721e+02 3.895685040341864180e+01 7.485546042177689685e+01
2.321537649835701416e+02 3.843380694528008235e+01 7.315785625028925665e+01
2.301097298714922772e+02 3.761817003748785027e+01 7.127010382437789815e+01
2.292535073510127859e+02 3.694807238394964344e+01 7.051476527668502570e+01
2.298552259298683964e+02 3.694825133830085662e+01 7.100837382946885157e+01
2.320314743678746083e+02 3.731797719874732167e+01 7.287993397201523749e+01
2.339482143132626675e+02 3.805665447925826328e+01 7.473908147051109552e+01
2.355443390259329419e+02 3.884194936826028766e+01 7.634801993181221746e+01
2.366056802579410885e+02 3.984368337421514639e+01 7.751266410576819510e+01
2.368901713950725707e+02 4.045304453803551326e+01 7.803201431634809637e+01
2.365294487897440661e+02 4.039431048579935180e+01 7.776986470433963916e+01
2.358196695515342185e+02 3.997117909319510431e+01 7.695200937967634047e+01
2.350387652149766211e+02 3.954640317181160469e+01 7.628608938461300681e+01
2.345782508754878961e+02 3.934579534410144674e+01 7.560232949198562835e+01
2.342189722466484625e+02 3.946647537063606137e+01 7.519556933709755242e+01
2.337156415359220034e+02 3.964686444207895732e+01 7.482584656207093587e+01
2.330952592524027693e+02 3.950121719813023446e+01 7.418053408617578270e+01
2.327343792906619910e+02 3.931847703676277916e+01 7.377709384304469609e+01
2.328678452970488024e+02 3.931148238996621558e+01 7.400710263649125409e+01
2.333133274710356204e+02 3.919777232686937651e+01 7.424341494268833230e+01
2.338348066213110030e+02 3.944909828604927071e+01 7.480229555236728345e+01
2.349289396954690687e+02 4.006098949414541721e+01 7.589929498156462273e+01
2.354524737353635260e+02 4.046080745437435411e+01 7.653652982829638063e+01
2.357335338856234728e+02 4.047134416315699923e+01 7.674738433532343151e+01
2.359891701763317542e+02 4.046666666666666856e+01 7.685240585612687880e+01
2.361644559633452047e+02 4.046054827910707985e+01 7.704534024467379538e+01
2.363457521482235677e+02 4.049084093117971150e+01 7.723243393344749563e+01
2.365033646503447926e+02 4.056832507983524039e+01 7.734607303188781202e+01
2.366268092130636660e+02 4.068620971598710412e+01 7.731188657996636948e+01
2.366507150460498963e+02 4.070781382576634400e+01 7.727562055506703587e+01
2.367543758967001395e+02 4.082740161367458143e+01 7.722792304962898413e+01
2.371121519260733521e+02 4.089392018018851616e+01 7.752476203699418988e+01
2.372064300149642975e+02 4.088142422980207158e+01 7.754285802440567466e+01
2.370678391262090940e+02 4.075103747242405916e+01 7.736847626540782130e+01
2.373557612502121117e+02 4.050238965767266563e+01 7.742035142932074621e+01
2.379544592030360661e+02 4.064790422856790286e+01 7.783403218092901454e+01
2.385414387312753490e+02 4.072633560111692219e+01 7.830780148408695140e+01
2.387196278983662694e+02 4.071472825164683940e+01 7.840285092794002253e+01
2.382380709955107250e+02 4.081852177535058246e+01 7.802535906573487523e+01
2.381665231946437018e+02 4.120553524320821737e+01 7.811249440767652175e+01
2.389624165008253556e+02 4.171891825180111368e+01 7.890406195523055999e+01
2.398572931611668935e+02 4.217972570617546779e+01 7.988854846423227229e+01
2.402670554295675913e+02 4.252130019592416232e+01 8.034138936455778435e+01
2.399902099628206997e+02 4.305434658521158298e+01 8.020585304145261318e+01
2.394089847425988467e+02 4.301026519183597685e+01 7.964008886009163746e+01
2.389368877369988127e+02 4.288178213850449794e+01 7.920150259946622384e+01
2.389951065241202741e+02 4.293646503447956775e+01 7.922731830733867753e+01
2.393358880609679034e+02 4.316887428456827536e+01 7.965038182070625794e+01
2.398785517039231081e+02 4.286148007590132636e+01 8.019340028694404054e+01
2.392555714968914344e+02 4.251551503370821194e+01 7.966314311719966668e+01
2.377726508384628517e+02 4.175067030746208729e+01 7.824471390444455210e+01
2.372665895311704674e+02 4.119654741518952079e+01 7.762867280665216185e+01
2.378297712161182460e+02 4.103898119436602343e+01 7.794064886379413792e+01
2.388065657734376259e+02 4.084978016383579558e+01 7.882074019222166328e+01
2.393128615726384965e+02 4.067933848598448066e+01 7.931989632989308348e+01
2.392399284182595238e+02 4.059706885114391639e+01 7.930922694805695983e+01
2.387498465003625370e+02 4.039718609709816377e+01 7.882665802749109218e+01
2.385266225451628372e+02 4.037096311380570768e+01 7.870674009965905782e+01
2.385811357430462465e+02 4.071622468027337050e+01 7.872673053485753769e+01
2.385070147020255718e+02 4.104378519307014983e+01 7.868578701346785920e+01
2.382858734052236116e+02 4.125177951589762415e+01 7.866186883880223490e+01
2.380881658721710608e+02 4.153471560142546082e+01 7.857938322457228253e+01
2.377621542401382158e+02 4.176203082334428984e+01 7.842085435275605221e+01
2.373744342111352807e+02 4.165973681368691928e+01 7.805597260147175120e+01
2.370808133166720779e+02 4.149900186667900925e+01 7.767665108529642737e+01
2.371191619999691511e+02 4.136547723731506920e+01 7.758055259869486520e+01
2.370414927261226978e+02 4.109212755125653871e+01 7.742505978000956190e+01
2.363230465435584051e+02 4.044383764520757296e+01 7.660001234167938833e+01
2.354319094120732530e+02 3.995165455639376262e+01 7.562315916138288685e+01
2.356047330340475980e+02 4.002641736474290468e+01 7.581674765893768608e+01
2.365186158806559718e+02 4.037420897548634002e+01 7.663518304253251756e+01
2.366108267382484200e+02 4.029954798599219146e+01 7.669674333934990784e+01
2.352406041252063460e+02 3.972455222844448741e+01 7.527753351537310778e+01
2.338556609740670353e+02 3.916905323891948854e+01 7.421313771771494316e+01
2.336594838092593420e+02 3.912526496042949020e+01 7.408745314018605654e+01
2.344045386525971537e+02 3.943289983184461533e+01 7.486460252078801147e+01
2.351668286512087036e+02 3.962252356489409522e+01 7.554385152959689265e+01
2.352663766372009206e+02 3.957813980037333579e+01 7.565293654834081849e+01
2.351058021320251044e+02 3.938066675922926407e+01 7.561680011107510779e+01
2.344285555606979301e+02 3.900291572175683541e+01 7.507933540056463073e+01
2.338729732648370145e+02 3.869889079156445888e+01 7.463947794696163385e+01
2.337105691056910644e+02 3.850602119683436086e+01 7.445185973681368807e+01
2.339774239829684745e+02 3.850763178599527947e+01 7.473093596211104739e+01
2.344207124234430069e+02 3.852698971012480200e+01 7.504170253467241025e+01
2.345820428564817064e+02 3.843194335169157938e+01 7.512300643310038595e+01
2.347339781860816572e+02 3.823696641520494666e+01 7.507958223415251098e+01
2.350606963792598094e+02 3.820578207679609761e+01 7.535610064639546124e+01
2.356569259962049330e+02 3.858922879930886296e+01 7.594258650745899786e+01
2.366597152157479798e+02 3.878887397602628795e+01 7.680183891022970499e+01
2.375318492463862015e+02 3.893778867959457557e+01 7.755835608830471983e+01
2.378129865321423608e+02 3.893599605066259528e+01 7.779410376266950777e+01
2.380517455762793020e+02 3.909433979728791542e+01 7.801556902855556075e+01
2.386132086823714644e+02 3.930207185942827408e+01 7.854241372394749021e+01
2.390746825874330739e+02 3.944582465559000894e+01 7.877207695037101587e+01
2.389435830980700644e+02 3.932516622699434095e+01 7.855351814998225279e+01
2.385941994106848085e+02 3.910003856774810771e+01 7.816940497678221789e+01
2.384567007605560036e+02 3.912034371577112069e+01 7.797318461609663132e+01
2.383018805633976740e+02 3.925430030391385827e+01 7.794239212600854216e+01
2.383175113003501906e+02 3.956477376158960624e+01 7.803353542833340839e+01
2.384363184770367639e+02 3.986519492139893117e+01 7.822210394779469311e+01
2.383032566606501064e+02 4.005919686521343692e+01 7.815916755372487046e+01
2.376388392650529795e+02 4.023573224726554542e+01 7.764548525940666934e+01
2.369679486586137216e+02 4.017040465281313288e+01 7.724321130497833110e+01
2.363551349099828656e+02 4.061277363817281127e+01 7.691788463615186799e+01
2.360593696487249531e+02 4.092859104302618078e+01 7.669419786797487859e+01
2.357825519507566980e+02 4.120045047129788429e+01 7.666693818361333967e+01
2.355497169127289112e+02 4.135364465219604568e+01 7.656367226670369064e+01
2.352633714382684502e+02 4.138554172258989894e+01 7.632195430493204924e+01
2.350735039570509457e+02 4.127458076857808322e+01 7.619199950633282015e+01
2.350469724317736677e+02 4.125857669582388354e+01 7.616580737723886330e+01
2.355373474645562339e+02 4.146681168139954821e+01 7.647490473766217178e+01
2.357149411456163932e+02 4.154729485814782208e+01 7.671445982012002673e+01
2.353315962419586356e+02 4.144502861726909515e+01 7.643729346970889083e+01
2.351148208142423073e+02 4.144712670276607724e+01 7.622346770336773147e+01
2.352354514740593459e+02 4.162158868267999878e+01 7.638205211274123485e+01
2.355717313833479807e+02 4.178897579488128855e+01 7.666864133536971337e+01
2.358009256259545623e+02 4.187532744018142239e+01 7.688520386911649496e+01
2.359115502692028770e+02 4.191737554187685788e+01 7.693062124928650292e+01
2.357406642908933918e+02 4.161903086962558262e+01 7.657209854830996676e+01
2.356589747149843390e+02 4.142726894062109722e+01 7.641424538344055861e+01
2.359322194967680275e+02 4.144059178352694062e+01 7.655780071273198928e+01
2.364022832106878980e+02 4.167147992163033621e+01 7.690250381820706593e+01
2.366845096496505789e+02 4.178861480075901369e+01 7.713585412134956698e+01
2.366200984248931718e+02 4.150249764736736324e+01 7.699974082473272574e+01
2.360079634686289864e+02 4.104184754940528279e+01 7.629645330988414287e+01
2.356147575631354130e+02 4.086985081995032232e+01 7.590831674920164573e+01
2.353782848151062126e+02 4.092861572638496881e+01 7.584525693833788296e+01
2.354757347156014191e+02 4.131772727973959292e+01 7.607611113682294501e+01
2.354853612255287771e+02 4.149996760309159072e+01 7.619527930763177892e+01
2.356841579117878496e+02 4.161414665000540225e+01 7.640850650252232867e+01
2.360079356998503499e+02 4.162386880794804256e+01 7.662572931611668992e+01
2.361272673979111687e+02 4.163205442680612833e+01 7.673661004921244455e+01
2.361249132225667609e+02 4.158635010259020959e+01 7.676241341540550422e+01
2.362445627188719754e+02 4.158529180358217303e+01 7.691026981996574818e+01
2.367174403356936807e+02 4.164483423581864230e+01 7.730448465774979638e+01
2.371393036207401792e+02 4.170100121874084209e+01 7.766502830872711627e+01
2.372729979481958082e+02 4.167629626201385662e+01 7.782983600993505036e+01
2.370068218632850403e+02 4.153248792829484159e+01 7.753822989463290583e+01
2.363996451767174278e+02 4.128642260995665225e+01 7.686039400811465327e+01
2.357321361904321009e+02 4.122345227626849606e+01 7.633081563073695008e+01
2.356757100322426481e+02 4.123934527390814964e+01 7.629349130682957991e+01
2.359580413754801782e+02 4.135953780410669367e+01 7.652573394424646835e+01
2.359588065596026070e+02 4.144178892642816692e+01 7.654571512318538851e+01
2.358427886024590805e+02 4.150347264003949022e+01 7.654064886379414645e+01
2.360776476759074853e+02 4.169914996683173314e+01 7.699448944015057350e+01
2.366640533160549751e+02 4.203591428703661137e+01 7.749965597568689191e+01
2.369016213881303941e+02 4.206954844880517186e+01 7.772728899585011675e+01
2.368812730442294878e+02 4.195503617654772199e+01 7.765109763811111065e+01
2.370323197729130982e+02 4.209274154980639082e+01 7.783619506024282941e+01
2.371997871060304419e+02 4.238253343823760844e+01 7.803309729871492095e+01
2.371383563968466888e+02 4.252999182363740260e+01 7.791029450332453621e+01
2.366999645176717308e+02 4.208946174850742494e+01 7.734785640456024680e+01
2.360303790438283897e+02 4.139253019854676552e+01 7.653422193424970033e+01
2.348256336681013750e+02 4.100203329168016353e+01 7.547941562148069750e+01
2.344209931966492206e+02 4.093566591073880545e+01 7.504177967016862283e+01
2.348760710263649116e+02 4.118235448388639242e+01 7.552092377470263784e+01
2.355606763240307941e+02 4.145567948658613489e+01 7.613474954104380288e+01
2.357135681337838093e+02 4.164082319001558119e+01 7.631316702920349826e+01
2.357704169944925354e+02 4.164823745391154119e+01 7.654010891532065841e+01
2.361299177735610328e+02 4.175723916631955746e+01 7.691383965073046625e+01
2.365456318168494647e+02 4.189600283858626284e+01 7.737540611838755922e+01
2.368268369818422912e+02 4.197208620663056422e+01 7.771796485706792623e+01
2.369887629009117518e+02 4.222970025146171480e+01 7.800287252587895637e+01
2.371492787831104181e+02 4.240688048626216755e+01 7.820608136252140241e+01
2.372802641119390330e+02 4.290023294919856056e+01 7.835868622822850682e+01
2.374388577775720819e+02 4.316566853334567355e+01 7.852338902516159180e+01
2.371065241202696541e+02 4.307242406010397673e+01 7.813296925379121660e+01
2.366255071658875977e+02 4.287732679224325238e+01 7.764489285879575675e+01
2.358800080220916016e+02 4.308353157155860202e+01 7.706952376544637673e+01
2.355973156847317966e+02 4.351615063019700358e+01 7.695469369494453815e+01
2.358175035868005693e+02 4.396623316517795388e+01 7.731445982012002105e+01
2.358516622699433753e+02 4.402093457367211471e+01 7.737142592678299025e+01
2.354196448681754248e+02 4.387935699850357452e+01 7.699147807037842028e+01
2.352324030792489964e+02 4.346902701285077342e+01 7.667435553292914108e+01
2.355804168402215453e+02 4.337255210502769387e+01 7.689981024667932274e+01
2.361344409990589384e+02 4.342927137810277571e+01 7.749278166026442705e+01
2.368657040156739413e+02 4.366434643094058998e+01 7.800738958053716487e+01
2.370410607673439074e+02 4.365386217429536941e+01 7.814512889341416724e+01
2.370629981024667927e+02 4.324900880887366839e+01 7.791170762561515062e+01
2.371337436941731767e+02 4.294708504959812245e+01 7.773953194180897697e+01
2.373513768686073888e+02 4.297421514632603845e+01 7.789414541583745688e+01
2.377251322873759989e+02 4.302917881550732204e+01 7.817470881350179468e+01
2.381111553354622856e+02 4.300545810771200905e+01 7.852356489409297069e+01
2.381129016830965384e+02 4.312380247142129974e+01 7.856724826830810571e+01
2.380207463630613631e+02 4.308515141697906614e+01 7.847471652705141310e+01
2.381729130991499801e+02 4.293597753814350426e+01 7.855267891578345996e+01
2.382975424630906787e+02 4.282285370481788078e+01 7.854419401120007649e+01
2.383866864133536865e+02 4.285256012711929685e+01 7.858789589793431674e+01
2.384561145307847880e+02 4.328515141697906188e+01 7.882945650329368448e+01
2.387712099473936007e+02 4.363813887474738351e+01 7.927538297773870113e+01
2.391021335678252342e+02 4.370911278752256379e+01 7.953573996081516384e+01
2.392759506949908257e+02 4.365654031872387009e+01 7.967709230033476331e+01
2.393191033769920182e+02 4.356057450517579355e+01 7.970389842797858648e+01
2.392456487866586485e+02 4.379874114870180790e+01 7.964858302093458065e+01
2.392632850465126921e+02 4.377768007281591167e+01 7.971218586569167996e+01
2.394292497801638433e+02 4.374406133814658659e+01 7.987487696888354094e+01
2.394876413507968209e+02 4.371711636660958789e+01 7.984369263047469190e+01
2.389719442773175331e+02 4.348017154934357364e+01 7.933629225096805726e+01
2.377310069267675487e+02 4.380156122244334682e+01 7.853501488715076562e+01
2.370671017108653018e+02 4.388769688835408544e+01 7.803913237993860719e+01
2.367819657209854824e+02 4.400800357908702409e+01 7.786938800697305396e+01
2.363047685163758729e+02 4.396692121380417007e+01 7.752504589562025217e+01
2.359250705789790459e+02 4.383849678344980560e+01 7.723936070100738505e+01
2.366717946344548693e+02 4.255337622066922876e+01 7.744135696764936938e+01
2.368388639484117846e+02 4.169522839820428572e+01 7.732913716233936441e+01
2.366702858641489513e+02 4.121325496366917918e+01 7.712807269249162800e+01
2.367276283920334379e+02 4.129322596072260865e+01 7.724206969963437075e+01
2.368296570555838514e+02 4.120560003702503593e+01 7.734454883448265150e+01
2.369363539593650216e+02 4.075553601456318376e+01 7.732664105768192542e+01
2.366535011801730946e+02 4.036537233304022010e+01 7.694309868715384937e+01
2.360642137578871029e+02 4.004799062032365953e+01 7.648935375881272591e+01
2.356982397679764176e+02 4.005618241002144231e+01 7.625209422872217147e+01
2.355514354915845274e+02 4.020213819595501548e+01 7.622074327764150325e+01
2.352438376452075772e+02 4.042970642230141465e+01 7.608730504003332840e+01
2.353416516252449071e+02 4.084879900032397160e+01 7.615506703074620987e+01
2.355513521852486178e+02 4.110396630721525213e+01 7.637892658243470123e+01
2.355535088937227215e+02 4.126134431742799080e+01 7.649626201385353852e+01
2.354679687138427369e+02 4.153358633776090869e+01 7.660302062603169304e+01
2.355631539161691421e+02 4.192901683096527421e+01 7.672805726539239402e+01
2.358301661498588544e+02 4.229534872957837877e+01 7.711894293515990739e+01
2.361320806528748335e+02 4.270147637339751157e+01 7.742689251939957273e+01
2.364066274818345903e+02 4.280209191465728935e+01 7.773879144104533623e+01
2.363742861109825526e+02 4.277679764273923269e+01 7.764848120207958004e+01
2.362357044784869231e+02 4.274115795806914520e+01 7.744848120207957720e+01
2.363792968328165216e+02 4.303732740932722578e+01 7.770254392866509363e+01
2.368051865907653450e+02 4.330902022492711012e+01 7.804220854352756476e+01
2.370624396414742137e+02 4.366934481109517208e+01 7.836029990280927393e+01
2.372698755033091231e+02 4.403660233566282756e+01 7.876843924036963074e+01
2.375019546134740267e+02 4.459446475679177979e+01 7.892324709584856635e+01
2.378885083537742275e+02 4.512120146248901165e+01 7.937881242190030662e+01
2.382654078153684623e+02 4.576059610311472881e+01 7.993373752333349103e+01
2.385039416238564627e+02 4.600147483068758447e+01 8.016606346708628905e+01
2.384306320482559727e+02 4.600323969084092823e+01 8.005515187979204939e+01
2.382581077120069040e+02 4.565879576063312584e+01 7.978675429259035923e+01
2.381009179124049240e+02 4.535303065364619357e+01 7.958322148686382036e+01
2.380375063636784319e+02 4.532277194119189545e+01 7.951985621943505578e+01
2.380402894123817816e+02 4.522413723947486375e+01 7.955025069036268803e+01
2.372307153545918652e+02 4.466359050307770673e+01 7.868407460545193999e+01
2.360034834390089600e+02 4.410853889943074080e+01 7.749907900217522183e+01
2.355657641813609757e+02 4.407448820598263239e+01 7.710128816278674435e+01
2.355814442850310968e+02 4.404623501642986128e+01 7.709987195507628144e+01
2.357133675814936566e+02 4.411546258157078881e+01 7.721911417596149363e+01
2.357656160812082362e+02 4.410103515835917420e+01 7.725141852177534929e+01
2.363849616636583733e+02 4.386540781536847788e+01 7.762526033229971745e+01
2.374699402971259303e+02 4.411901389981641586e+01 7.868359019453572500e+01
2.381751716264790844e+02 4.439084247388963433e+01 7.939064192159948163e+01
2.382439394640625778e+02 4.429030406812606913e+01 7.948918097530120974e+01
2.381145122722574570e+02 4.386265253544375753e+01 7.919515280541799029e+01
2.377575816479227342e+02 4.360204563335955896e+01 7.858074698014532089e+01
2.376911926690424366e+02 4.365710495055614615e+01 7.840112926366455781e+01
2.381661560296817299e+02 4.374445627188719499e+01 7.875986794403048918e+01
2.385827031363292861e+02 4.377813362953364162e+01 7.909846500362536403e+01
2.385942765461810211e+02 4.380953394733188588e+01 7.911324725011955650e+01
2.379239752549328273e+02 4.413395967356257898e+01 7.862895357985837563e+01
2.372511470048286810e+02 4.419080853427129796e+01 7.819420866694434835e+01
2.369358602921892611e+02 4.438380154579534320e+01 7.804987889727094341e+01
2.368405856126872493e+02 4.459085790098887969e+01 7.815435121334135715e+01
2.366026874006880405e+02 4.460825349809475426e+01 7.800965119328613184e+01
2.361671402786134024e+02 4.418321531602412477e+01 7.748732663797225939e+01
2.358044954567192804e+02 4.390770275065179362e+01 7.707848691010629238e+01
2.355700745128893345e+02 4.359922864503787565e+01 7.671083445179802141e+01
2.352053439471776244e+02 4.347544160071581842e+01 7.641298036130265814e+01
2.349132163959210686e+02 4.340235417534441353e+01 7.618101232625230068e+01
2.351199148424121859e+02 4.332006294256490975e+01 7.644200490581755503e+01
2.354695422779654734e+02 4.325713271933478410e+01 7.676931858502645412e+01
2.359985868777093856e+02 4.331528979805926838e+01 7.728065596025979289e+01
2.364842072785054086e+02 4.348695330217059052e+01 7.778637787136884185e+01
2.367786334675490991e+02 4.352139584393946592e+01 7.806758303636166829e+01
2.365915860600731264e+02 4.384533098841424703e+01 7.788163712377161119e+01
